-4.248891770839691162e-02
3.791511058807373047e-02
3.735980717465281487e-03
7.868431508541107178e-02
7.992200553417205811e-02
-2.432040497660636902e-02
1.587189175188541412e-02
-5.989345256239175797e-03
-1.092457100749015808e-01
7.392229139804840088e-02
-4.752742871642112732e-02
3.163647279143333435e-02
-9.742284310050308704e-04
-4.050176590681076050e-03
5.629542097449302673e-02
-9.366384707391262054e-03
2.037554234266281128e-02
-1.946884323842823505e-03
-1.355792880058288574e-01
-1.072691306471824646e-01
-9.622673969715833664e-04
2.847363613545894623e-02
-6.836469285190105438e-03
-6.847666203975677490e-02
-1.853816583752632141e-02
-4.539192467927932739e-02
-1.209502574056386948e-02
1.095577329397201538e-02
4.690359160304069519e-02
5.703556165099143982e-02
-5.860085785388946533e-02
5.631797481328248978e-03
1.645575650036334991e-02
-5.635517835617065430e-02
4.330839961767196655e-03
2.040118351578712463e-02
-8.774733170866966248e-03
2.238140441477298737e-02
1.656297594308853149e-02
3.961571305990219116e-02
-2.091565867885947227e-03
-9.530981071293354034e-03
-3.373613208532333374e-02
-5.428422614932060242e-02
-9.007674455642700195e-02
4.007346555590629578e-02
5.359583534300327301e-03
6.327340751886367798e-02
-8.695174753665924072e-02
-1.501617282629013062e-01
-1.553708966821432114e-02
9.477574378252029419e-02
-4.343680571764707565e-03
-2.605274319648742676e-02
-3.276448696851730347e-02
-3.845361620187759399e-02
4.658247902989387512e-02
-3.529563546180725098e-02
4.301910102367401123e-02
-1.285408809781074524e-02
1.861477456986904144e-02
3.468698263168334961e-02
-2.413234859704971313e-02
-6.798680871725082397e-02
2.293583005666732788e-02
-3.775471821427345276e-02
7.095461338758468628e-02
-3.616269445046782494e-03
6.858252733945846558e-02
4.395497217774391174e-02
2.678215131163597107e-02
-6.633061170578002930e-02
-3.503438085317611694e-02
1.174157410860061646e-01
-3.371242806315422058e-02
6.211183965206146240e-02
-5.484751984477043152e-02
-4.302487522363662720e-02
-7.398436218500137329e-02
-4.983723908662796021e-02
2.916609682142734528e-02
6.272477656602859497e-02
-2.024438790977001190e-02
4.314369522035121918e-03
-7.122578471899032593e-02
-5.311413481831550598e-02
7.295712083578109741e-02
-1.363008022308349609e-01
-7.381615787744522095e-02
4.627702757716178894e-02
3.987285867333412170e-02
-1.965931244194507599e-02
1.141182729043066502e-03
-2.256526425480842590e-02
1.920823194086551666e-02
2.034211158752441406e-02
1.099101677536964417e-01
-2.162492275238037109e-02
3.301845490932464600e-02
5.381470173597335815e-02
-5.531972274184226990e-02
6.306640058755874634e-02
2.125947177410125732e-02
1.004963368177413940e-01
5.618326365947723389e-03
-5.069182068109512329e-02
1.248632743954658508e-02
3.120444598607718945e-04
5.322328209877014160e-02
-8.213563263416290283e-02
-3.891563042998313904e-02
1.501606032252311707e-02
2.114153653383255005e-02
8.033341169357299805e-02
-5.103901401162147522e-02
1.403653528541326523e-02
-7.404351979494094849e-02
1.236895620822906494e-01
1.722222566604614258e-02
5.741815548390150070e-03
5.685884132981300354e-02
-8.051026088651269674e-05
1.060774736106395721e-02
1.854237541556358337e-02
-1.899875141680240631e-02
4.053048789501190186e-02
-7.458551228046417236e-02
-1.000827103853225708e-01
-1.232640370726585388e-01
4.090386629104614258e-02
-3.076617605984210968e-02
-3.558073658496141434e-03
2.209386555477976799e-03
-1.049331389367580414e-02
7.385799288749694824e-02
-2.960761776193976402e-03
2.759552374482154846e-02
-7.372856885194778442e-02
-3.825969761237502098e-03
5.330431833863258362e-02
7.925024628639221191e-02
1.835907809436321259e-02
-5.830229818820953369e-02
1.133393496274948120e-03
9.967624209821224213e-03
-5.269544944167137146e-02
7.514230161905288696e-02
-3.553291037678718567e-02
5.350683629512786865e-02
-5.839649122208356857e-03
2.694469876587390900e-02
1.593887060880661011e-01
-5.899683013558387756e-02
5.580441281199455261e-02
-7.308422029018402100e-02
2.238985896110534668e-02
-7.320192456245422363e-02
4.994620103389024734e-03
1.405673567205667496e-03
7.623025774955749512e-02
4.997558146715164185e-02
3.161542862653732300e-02
1.026494055986404419e-01
-2.078879810869693756e-02
-2.440590038895606995e-02
-1.079364269971847534e-01
-4.613726586103439331e-02
1.468188762664794922e-01
9.842653572559356689e-02
1.002034768462181091e-01
-2.013344550505280495e-03
-6.839248538017272949e-02
-2.025252953171730042e-02
-1.089904177933931351e-02
-4.689179360866546631e-02
1.036293525248765945e-02
-2.355393022298812866e-02
5.317297205328941345e-02
4.119695723056793213e-02
7.132839411497116089e-02
3.319417126476764679e-03
3.866129368543624878e-02
-4.115629196166992188e-02
-5.479991436004638672e-02
9.817603975534439087e-03
2.182136289775371552e-02
-1.048134863376617432e-01
2.004208043217658997e-02
3.654319047927856445e-02
-1.189525984227657318e-02
3.975470736622810364e-02
-6.730037182569503784e-02
-2.398699149489402771e-02
-2.723140828311443329e-02
-1.205499619245529175e-01
4.205781593918800354e-02
1.067287772893905640e-01
-2.106839604675769806e-02
2.359363483265042305e-03
-1.090872660279273987e-02
-4.716241359710693359e-02
-2.743894606828689575e-02
-7.477739709429442883e-04
6.933042407035827637e-02
-9.096792782656848431e-04
-5.324546247720718384e-02
-2.136577665805816650e-02
3.327437490224838257e-02
3.992119431495666504e-02
-3.265686333179473877e-02
-5.118038132786750793e-02
4.178552702069282532e-02
3.063355945050716400e-02
9.381583333015441895e-02
1.528078597038984299e-02
-1.027205679565668106e-02
6.992241833359003067e-03
-1.347164530307054520e-02
-7.923943921923637390e-03
1.938829757273197174e-02
-5.312663689255714417e-02
-1.913223601877689362e-02
1.327961124479770660e-02
6.859506666660308838e-02
-5.092836171388626099e-02
-7.032717019319534302e-02
-2.423851750791072845e-03
1.981520280241966248e-02
6.280093919485807419e-03
-1.278107869438827038e-03
-4.380641132593154907e-02
-8.200164884328842163e-03
-3.950466960668563843e-02
-4.120726883411407471e-02
-6.062926724553108215e-02
1.156215816736221313e-01
7.884857058525085449e-02
1.238255668431520462e-02
-5.852591246366500854e-02
3.795842453837394714e-02
1.065567694604396820e-02
-1.815772801637649536e-02
-2.891671285033226013e-02
7.332736253738403320e-02
1.652587205171585083e-02
-8.251828141510486603e-03
3.933219239115715027e-03
-1.074119508266448975e-01
1.707927696406841278e-02
-9.074419736862182617e-02
-1.143488939851522446e-02
5.107543617486953735e-02
-3.586009377613663673e-03
1.071860194206237793e-01
8.725201711058616638e-03
8.463621884584426880e-02
9.457109123468399048e-02
9.863401763141155243e-03
1.349654048681259155e-02
-9.925523400306701660e-02
2.054918929934501648e-02
-7.709797471761703491e-02
9.579882025718688965e-02
-1.462216861546039581e-02
-9.988366067409515381e-02
5.615285784006118774e-02
-4.630304127931594849e-02
-3.098347783088684082e-02
-5.826842412352561951e-02
-6.677164882421493530e-02
-3.869116306304931641e-02
-3.205065429210662842e-02
-4.065879061818122864e-02
-6.498406827449798584e-02
-4.604701697826385498e-02
-6.558521836996078491e-02
4.807749390602111816e-02
2.462011761963367462e-03
-7.558723539113998413e-02
1.385206822305917740e-02
-5.347797647118568420e-02
1.047917082905769348e-02
5.670030135661363602e-03
-7.199475076049566269e-04
-4.623031988739967346e-02
-1.385462433099746704e-01
-3.200038895010948181e-02
1.725371368229389191e-02
-1.271589472889900208e-02
1.425566617399454117e-02
-2.672379137948155403e-03
8.619244210422039032e-03
-1.105900183320045471e-01
-9.502126835286617279e-03
-2.318173274397850037e-02
6.364151090383529663e-02
4.569910466670989990e-02
6.419454514980316162e-02
-3.468651324510574341e-03
-6.986948847770690918e-02
3.314377740025520325e-02
-2.430399507284164429e-02
-5.104605108499526978e-03
8.917314559221267700e-02
-1.352462172508239746e-02
-1.553980819880962372e-02
5.248941481113433838e-02
1.537897735834121704e-01
-5.427092313766479492e-02
8.695442229509353638e-03
8.955712616443634033e-02
1.297689229249954224e-01
1.268416922539472580e-02
-5.361667275428771973e-02
-6.635358929634094238e-02
-8.478297851979732513e-03
-1.807105913758277893e-02
-6.048471108078956604e-02
2.920310385525226593e-02
6.234889850020408630e-02
-3.519494831562042236e-02
1.478294134140014648e-01
1.000659540295600891e-03
1.305125057697296143e-01
3.265164047479629517e-02
9.258541464805603027e-02
-1.003285404294729233e-02
5.300732329487800598e-02
1.102917641401290894e-01
-1.571421325206756592e-02
3.100223839282989502e-03
-1.539633702486753464e-02
1.419666688889265060e-02
-6.167386309243738651e-04
2.337858267128467560e-02
-2.158847264945507050e-02
3.183732554316520691e-02
-4.825101132155396044e-05
-1.043880358338356018e-02
-4.556140676140785217e-02
1.186429560184478760e-01
6.645318935625255108e-04
-9.995484352111816406e-02
-1.362521648406982422e-01
-3.072164021432399750e-02
5.478788539767265320e-02
-5.775336176156997681e-02
-7.206834852695465088e-02
-4.076053947210311890e-02
-1.004033070057630539e-02
-6.476887315511703491e-02
6.706445664167404175e-02
7.649170234799385071e-03
-4.525442421436309814e-02
1.913971826434135437e-02
-4.396560415625572205e-02
3.063314128667116165e-03
3.642274811863899231e-02
-9.984733164310455322e-02
5.172923952341079712e-02
5.265511944890022278e-02
7.982495427131652832e-02
-7.627648115158081055e-02
-1.565019041299819946e-02
1.178374746814370155e-03
1.327229692833498120e-04
-5.204445123672485352e-02
1.885118149220943451e-02
-1.262634247541427612e-01
3.160788491368293762e-02
-9.168559312820434570e-02
1.139584258198738098e-01
1.196069177240133286e-02
6.810263544321060181e-02
-2.681295946240425110e-02
-4.541153460741043091e-02
6.446538120508193970e-02
-1.672683283686637878e-02
1.385024748742580414e-02
4.848598688840866089e-02
6.794027239084243774e-02
7.914753630757331848e-03
-4.669802729040384293e-03
-7.862747460603713989e-02
-3.082637116312980652e-02
5.876494199037551880e-02
-3.961286321282386780e-02
3.639512509107589722e-02
-6.458144634962081909e-03
-4.170581325888633728e-02
-1.939040794968605042e-02
4.691622033715248108e-02
-3.868740750476717949e-03
-3.438146412372589111e-02
-6.845376640558242798e-02
-3.294606506824493408e-02
-8.616922050714492798e-02
-5.239116400480270386e-02
-5.129389464855194092e-02
1.394391357898712158e-01
1.031760685145854950e-02
-2.402038313448429108e-02
8.726850152015686035e-02
-1.444482151418924332e-02
-9.452540427446365356e-02
-3.485576435923576355e-02
-3.320746589452028275e-03
5.990388616919517517e-02
-7.444597315043210983e-03
2.229135297238826752e-02
-4.116342589259147644e-02
-3.418803587555885315e-02
3.912580013275146484e-02
6.686625629663467407e-02
4.583285376429557800e-02
6.374007463455200195e-02
1.092396304011344910e-02
-6.579925864934921265e-02
3.215295821428298950e-02
3.697564825415611267e-02
2.101431228220462799e-02
8.682144433259963989e-02
1.520782895386219025e-02
-6.399647146463394165e-02
-2.393539622426033020e-02
3.183929622173309326e-02
9.437939524650573730e-02
-8.952220529317855835e-02
-4.836521297693252563e-02
-1.741888187825679779e-02
3.168105706572532654e-02
1.284373737871646881e-02
3.189836814999580383e-02
-4.165066406130790710e-03
-5.466092005372047424e-02
-7.708989083766937256e-02
2.114827930927276611e-02
7.652315497398376465e-02
-9.712834656238555908e-02
3.523854911327362061e-02
-5.196472629904747009e-02
6.273599341511726379e-03
4.490568488836288452e-02
4.778410494327545166e-02
4.644909128546714783e-02
-4.725054651498794556e-02
-4.578768461942672729e-02
4.805216938257217407e-02
2.148304693400859833e-02
-5.840526148676872253e-02
1.108193919062614441e-01
2.679958241060376167e-03
-4.440452158451080322e-02
-8.594555780291557312e-03
4.978688806295394897e-02
8.129182271659374237e-03
-1.031372137367725372e-02
-1.085004396736621857e-02
3.455272689461708069e-02
-6.079408153891563416e-02
1.154190488159656525e-02
-4.305469617247581482e-02
4.674343764781951904e-02
-8.109198510646820068e-02
-6.047806516289710999e-02
-3.636278957128524780e-02
4.720956832170486450e-02
-3.882601857185363770e-02
-1.910650520585477352e-03
1.144742034375667572e-02
1.972038894891738892e-01
-3.452225774526596069e-02
-4.833976551890373230e-02
1.601856388151645660e-02
-4.768790677189826965e-02
8.356798440217971802e-02
-9.578384459018707275e-02
1.047265622764825821e-02
-3.095689043402671814e-02
1.091792583465576172e-01
1.564752496778964996e-02
5.689652264118194580e-02
-3.233810141682624817e-02
7.839127443730831146e-03
1.511166244745254517e-02
9.705202281475067139e-02
-9.360776096582412720e-02
-5.087174940854310989e-03
4.679819568991661072e-02
-2.293162746354937553e-03
-2.814643271267414093e-02
4.002052173018455505e-02
4.405846353620290756e-03
2.462172880768775940e-02
-4.745367169380187988e-02
4.434442892670631409e-02
-4.935182631015777588e-02
5.659142881631851196e-02
3.999622538685798645e-02
-1.649194359779357910e-01
-4.767243936657905579e-02
-6.425805389881134033e-02
7.199090719223022461e-02
1.854370906949043274e-02
-4.579422995448112488e-02
-3.454501926898956299e-02
-9.559170342981815338e-03
5.649667605757713318e-02
5.216113477945327759e-02
-1.011363863945007324e-01
-5.686061084270477295e-02
7.339280098676681519e-02
