4.411281645298004150e-02
-3.363371267914772034e-02
-6.312117329798638821e-04
2.361262595513835549e-04
6.614785525016486645e-04
1.602329663001000881e-03
1.096002291887998581e-03
7.383513450622558594e-02
8.137702825479209423e-04
-1.547480188310146332e-02
-9.377045353176072240e-05
6.774709909223020077e-04
-1.088270102627575397e-03
-5.863264203071594238e-03
2.924076514318585396e-03
6.927691865712404251e-03
1.513507775962352753e-02
1.094669010490179062e-02
2.238482609391212463e-02
2.415614202618598938e-02
6.659115315414965153e-04
3.077997826039791107e-03
-1.584339042892679572e-04
-1.656416803598403931e-03
-3.682295558974146843e-03
2.115334151312708855e-03
-1.315489062108099461e-04
-2.631994429975748062e-03
1.766968891024589539e-02
-2.943270956166088581e-04
3.201584145426750183e-02
-1.037223031744360924e-03
-1.319846836850047112e-03
1.065377262420952320e-03
1.273162313736975193e-03
-2.594949211925268173e-03
-7.792938267812132835e-04
9.971718536689877510e-04
1.278955489397048950e-03
-1.028491649776697159e-02
-8.091212948784232140e-04
-2.274066209793090820e-03
2.144699683412909508e-03
-5.982778384350240231e-04
-5.186647642403841019e-03
2.343484945595264435e-02
2.241791458800435066e-03
3.240459365770220757e-03
-3.989269898738712072e-04
2.495488733984529972e-04
-1.839741691946983337e-02
2.031226758845150471e-04
-4.404966253787279129e-03
1.719697751104831696e-02
-3.055134322494268417e-03
1.681484631262719631e-03
8.459727396257221699e-04
-2.059450343949720263e-04
-3.598946612328290939e-03
3.899662522599101067e-03
8.644781773909926414e-04
-5.362274823710322380e-04
1.280073192901909351e-03
3.200143692083656788e-05
4.854433354921638966e-04
2.487904159352183342e-03
2.384203020483255386e-03
-1.312864624196663499e-04
-7.362590986303985119e-04
1.366160722682252526e-04
-2.544422750361263752e-04
-1.304014236666262150e-03
-2.809210494160652161e-02
4.028102755546569824e-02
7.403218187391757965e-03
-2.723660727497190237e-04
3.538320306688547134e-04
5.788335576653480530e-03
-5.571703426539897919e-03
-2.495677210390567780e-03
1.125417649745941162e-03
6.450050859712064266e-04
5.844384431838989258e-04
-1.308004837483167648e-03
-6.226392462849617004e-03
2.091527462005615234e+00
4.356522113084793091e-03
4.081029910594224930e-03
7.851407863199710846e-04
3.154849167913198471e-03
-8.595133200287818909e-03
1.247649081051349640e-03
4.481287323869764805e-04
1.090551540255546570e-02
-1.062463503330945969e-03
3.769108327105641365e-03
5.486725713126361370e-04
-6.570857367478311062e-04
5.056188456364907324e-05
4.224188625812530518e-02
4.042882937937974930e-04
5.562383309006690979e-02
-8.409265428781509399e-04
-2.101114019751548767e-03
1.177802332676947117e-03
-3.452831006143242121e-04
1.164463162422180176e-02
-3.166753449477255344e-04
-7.431524863932281733e-05
3.645427292212843895e-03
1.069526374340057373e-02
-2.797283697873353958e-03
4.890167620033025742e-03
-6.623613648116588593e-03
-2.545879222452640533e-02
1.232753274962306023e-03
3.941530594602227211e-04
1.600395515561103821e-02
-3.234994132071733475e-03
-1.290232641622424126e-03
-7.516728364862501621e-04
-3.222620216547511518e-05
3.538766468409448862e-04
7.791331154294312000e-05
1.899231108836829662e-03
-8.024563081562519073e-03
5.681334529072046280e-03
3.090798389166593552e-03
-3.558388678357005119e-03
8.799257688224315643e-03
-1.965815946459770203e-02
1.430273056030273438e-03
1.507180277258157730e-03
1.565826707519590855e-03
8.372714743018150330e-03
2.397816628217697144e-03
3.434384986758232117e-02
1.390560297295451164e-03
2.261035703122615814e-02
1.762324245646595955e-03
-3.939660746254958212e-05
-1.607454847544431686e-03
3.287954721599817276e-03
-1.478639198467135429e-03
7.712513906881213188e-04
2.401648787781596184e-03
6.217508343979716301e-04
-6.924791960045695305e-04
5.094390828162431717e-03
-6.798216141760349274e-03
-9.311139583587646484e-04
5.665686912834644318e-04
-8.499416871927678585e-04
6.987478584051132202e-03
2.836133353412151337e-03
7.279360666871070862e-03
-3.829288762062788010e-03
-7.869140245020389557e-03
1.201215549372136593e-03
4.492809996008872986e-03
-2.351173665374517441e-03
3.636359178926795721e-04
9.051334927789866924e-04
-1.187269575893878937e-03
1.483321306295692921e-03
-8.085384033620357513e-03
3.926029056310653687e-02
1.238560210913419724e-02
-3.020630450919270515e-03
3.753896453417837620e-04
2.556059509515762329e-03
-9.954809211194515228e-04
-3.389796707779169083e-03
2.059944439679384232e-03
2.320067957043647766e-02
2.972341142594814301e-03
8.801659569144248962e-04
2.256877534091472626e-02
-1.475113444030284882e-03
-4.633638542145490646e-03
3.260400379076600075e-03
1.319003757089376450e-03
2.640912309288978577e-03
8.685389766469597816e-04
9.667997248470783234e-03
6.612877827137708664e-03
7.260696729645133018e-04
2.965594758279621601e-04
1.678210450336337090e-03
-6.827987730503082275e-03
1.002609264105558395e-02
-7.167292758822441101e-03
6.582793866982683539e-05
-4.320919048041105270e-03
9.499479085206985474e-03
8.419830701313912868e-04
-1.838363008573651314e-03
-2.964642480947077274e-04
7.022956851869821548e-04
3.563208971172571182e-03
-5.302694160491228104e-03
5.837809294462203979e-03
4.690697416663169861e-03
5.694614374078810215e-04
2.532358048483729362e-03
1.136818714439868927e-02
1.761370105668902397e-03
6.425920408219099045e-03
-1.572921988554298878e-03
4.497015848755836487e-03
-3.848728956654667854e-03
-4.341734107583761215e-03
1.108903205022215843e-03
-7.792474934831261635e-04
-9.537255391478538513e-05
-1.409085816703736782e-04
1.148357056081295013e-02
4.675133619457483292e-03
1.789898797869682312e-02
6.154938135296106339e-03
-2.131217042915523052e-04
2.470310311764478683e-03
-1.722383429296314716e-03
-2.218398498371243477e-03
-2.297552302479743958e-03
-6.056562997400760651e-04
-3.507891437038779259e-03
2.515607280656695366e-03
4.390449821949005127e-02
5.536384880542755127e-03
-2.976514864712953568e-03
1.178640872240066528e-03
-7.203193847090005875e-03
1.330765988677740097e-02
-5.142567213624715805e-03
-5.966628901660442352e-03
9.566536755301058292e-04
6.097726989537477493e-03
1.984972739592194557e-03
-3.925432101823389530e-04
5.647742000292055309e-05
-1.747372443787753582e-03
-3.371936734765768051e-03
-6.657518679276108742e-05
7.408341392874717712e-03
2.521555405110120773e-03
-8.927164599299430847e-03
5.611502565443515778e-03
-3.504797350615262985e-03
1.189806731417775154e-03
2.456508874893188477e-01
-2.782819094136357307e-03
1.954764127731323242e-03
-4.656760953366756439e-03
-2.440498210489749908e-02
-8.480600081384181976e-03
