1.524901716038584709e-03
7.528058718889951706e-03
5.139219760894775391e-02
-8.386590634472668171e-04
-2.866640686988830566e-03
-4.862198606133460999e-03
-8.554318919777870178e-03
5.798335745930671692e-02
1.970004476606845856e-02
-3.935029963031411171e-04
3.251659125089645386e-02
1.640801876783370972e-02
6.151146069169044495e-02
7.117561064660549164e-03
1.786844059824943542e-02
2.284149266779422760e-02
2.033521048724651337e-02
1.494026836007833481e-02
2.700182422995567322e-02
-7.755988277494907379e-03
-9.078116156160831451e-03
1.829201728105545044e-02
3.165678819641470909e-03
3.967071324586868286e-02
2.003637701272964478e-02
-1.113792229443788528e-02
1.445469330064952374e-03
3.426187485456466675e-02
1.796397753059864044e-02
5.490006878972053528e-02
3.751394525170326233e-02
1.458247657865285873e-03
5.603449046611785889e-02
2.642939612269401550e-02
-5.961952731013298035e-02
5.082123354077339172e-02
6.104607507586479187e-02
3.871259279549121857e-03
-1.454190071672201157e-02
1.314679160714149475e-02
4.065276123583316803e-03
-2.468615397810935974e-02
-2.674699574708938599e-02
2.641974762082099915e-02
1.400117017328739166e-02
2.150591835379600525e-02
1.257529854774475098e-02
1.321908924728631973e-02
1.909678429365158081e-02
2.940496802330017090e-02
2.033778466284275055e-02
-3.069488331675529480e-02
-2.023953013122081757e-02
1.713638193905353546e-02
4.676356539130210876e-02
1.390590146183967590e-02
3.303391858935356140e-02
3.949731588363647461e-02
1.923495158553123474e-02
4.432235658168792725e-02
7.495045196264982224e-03
5.186025798320770264e-02
6.102468352764844894e-03
1.020957250148057938e-03
-1.003180816769599915e-02
4.056203737854957581e-02
3.670349344611167908e-02
9.086957201361656189e-03
4.827693477272987366e-02
2.931937761604785919e-02
4.043799266219139099e-02
-6.258195498958230019e-04
2.741751261055469513e-03
3.993869572877883911e-02
2.416246198117733002e-02
2.477640518918633461e-03
1.213405001908540726e-02
-1.568140648305416107e-02
3.565457835793495178e-02
-8.822740055620670319e-03
2.099139615893363953e-02
8.411551825702190399e-03
2.999435178935527802e-02
4.660883173346519470e-02
3.130610659718513489e-02
2.235356904566287994e-02
-2.170912362635135651e-02
-5.000425036996603012e-03
2.116803266108036041e-02
-1.473622675985097885e-02
3.174763172864913940e-02
4.608646780252456665e-02
-1.780990324914455414e-02
1.585535705089569092e-02
-3.541057463735342026e-03
2.180587872862815857e-02
2.320553734898567200e-02
5.362709611654281616e-02
-8.416585624217987061e-03
2.960256300866603851e-02
1.022308878600597382e-02
3.034145804122090340e-03
1.831623725593090057e-02
1.447308156639337540e-02
3.501740982756018639e-03
-4.729330539703369141e-03
-2.490219473838806152e-02
-8.867201395332813263e-03
6.275384128093719482e-02
-1.297469623386859894e-02
6.030613929033279419e-02
3.217038884758949280e-02
3.984979167580604553e-02
2.186159603297710419e-02
2.234010584652423859e-02
5.492081493139266968e-02
4.816757887601852417e-02
1.910345815122127533e-02
9.273880161345005035e-03
7.907214458100497723e-04
-4.090400470886379480e-04
-1.054419483989477158e-02
-3.585197404026985168e-02
3.059510700404644012e-02
2.817278169095516205e-02
-1.889951713383197784e-02
5.632023140788078308e-02
-2.043462544679641724e-02
3.853135276585817337e-03
3.943280130624771118e-02
1.468411367386579514e-02
1.987877488136291504e-02
2.357852272689342499e-02
1.303495559841394424e-02
-1.456221286207437515e-02
-3.155351430177688599e-02
3.571299836039543152e-02
-9.018709883093833923e-03
-3.947116434574127197e-03
5.508306995034217834e-02
1.508534699678421021e-02
2.620018459856510162e-02
-6.701700855046510696e-03
-5.318696144968271255e-03
-6.122396327555179596e-03
3.195533156394958496e-02
-2.082899445667862892e-03
1.148684066720306873e-03
2.085847966372966766e-02
6.396186538040637970e-03
1.031000912189483643e-02
-2.774995118670631200e-05
2.033165801549330354e-04
3.178218752145767212e-02
-1.230412907898426056e-02
1.490124780684709549e-02
2.611437812447547913e-02
3.122561238706111908e-02
2.828951925039291382e-02
5.019457638263702393e-02
1.015696488320827484e-02
3.820380195975303650e-03
1.501369848847389221e-02
2.948559820652008057e-03
3.207660466432571411e-02
2.373541891574859619e-02
-2.871808595955371857e-02
-1.935483515262603760e-02
1.181586552411317825e-02
3.037531394511461258e-03
3.097414411604404449e-02
4.014451801776885986e-02
5.761096626520156860e-02
2.350586699321866035e-03
4.535906389355659485e-02
4.696112126111984253e-03
8.051714859902858734e-03
2.069840393960475922e-02
5.367092322558164597e-03
2.325946930795907974e-03
-6.723699159920215607e-03
5.040835589170455933e-02
-5.410870537161827087e-03
3.565895184874534607e-02
1.606471091508865356e-02
1.629614084959030151e-02
7.047139573842287064e-03
4.339822754263877869e-02
1.786101236939430237e-02
3.566135838627815247e-02
1.038268767297267914e-02
4.149509593844413757e-02
2.593118138611316681e-02
-5.906440783292055130e-03
2.729566209018230438e-02
4.284477792680263519e-03
5.554371327161788940e-02
5.595124675892293453e-04
2.439590729773044586e-02
2.718637138605117798e-02
3.801530972123146057e-02
3.794177994132041931e-02
8.744447492063045502e-03
8.016211912035942078e-03
5.710893310606479645e-03
-1.779265701770782471e-02
3.934260923415422440e-03
2.932761609554290771e-02
-1.437377091497182846e-02
-3.566440939903259277e-02
2.967119961977005005e-02
2.460950613021850586e-02
2.487140521407127380e-02
1.264546439051628113e-02
4.425834398716688156e-03
6.528852880001068115e-02
-2.204127609729766846e-02
-1.338915713131427765e-02
4.289579391479492188e-02
6.972269155085086823e-03
2.428654581308364868e-02
1.089038909412920475e-03
1.837136596441268921e-02
-1.888781972229480743e-02
-1.063474733382463455e-02
5.124831199645996094e-02
1.752978074364364147e-03
-5.831025540828704834e-03
5.628029350191354752e-03
-1.444415189325809479e-02
5.236896499991416931e-02
1.437885779887437820e-02
2.115240693092346191e-02
-7.689033169299364090e-03
1.256566308438777924e-02
1.230693049728870392e-02
-1.258212234824895859e-02
-4.035012796521186829e-03
3.194158896803855896e-02
5.729521624743938446e-03
-1.083046849817037582e-02
2.356488816440105438e-02
4.417174309492111206e-02
4.312756285071372986e-02
-7.422280497848987579e-03
-1.684341952204704285e-02
2.635995671153068542e-02
1.241792179644107819e-02
-1.319449581205844879e-02
-1.312604732811450958e-02
4.860338754951953888e-03
3.767367079854011536e-02
3.830696642398834229e-02
5.192525219172239304e-03
5.987680703401565552e-02
1.870239898562431335e-02
-1.455668732523918152e-02
-1.238514785654842854e-03
2.597433514893054962e-02
-1.150706224143505096e-02
-1.249052002094686031e-03
1.245069317519664764e-02
2.269762195646762848e-02
-1.071535982191562653e-02
1.596774719655513763e-02
-3.754890058189630508e-03
-1.404732838273048401e-02
-4.995905328541994095e-03
-2.488433197140693665e-02
2.982944250106811523e-02
4.857320338487625122e-02
-8.816465735435485840e-03
5.122696235775947571e-02
2.249992452561855316e-02
7.113986182957887650e-03
-2.235927619040012360e-02
-2.122220024466514587e-02
-2.647828124463558197e-02
2.751757204532623291e-02
-3.952686861157417297e-02
1.557519938796758652e-02
1.390617247670888901e-02
1.628191582858562469e-02
1.656814129091799259e-03
-7.934317109175026417e-04
-5.297317635267972946e-03
-1.232168916612863541e-02
3.829003311693668365e-03
5.837356671690940857e-03
1.166983414441347122e-02
-3.574617207050323486e-02
3.367240726947784424e-02
-1.304321456700563431e-02
-1.125038228929042816e-02
-1.287938281893730164e-02
-1.627536863088607788e-02
4.867259040474891663e-02
6.342651695013046265e-02
-1.396745350211858749e-02
3.341176733374595642e-02
-3.837893949821591377e-03
-1.213282532989978790e-02
-1.069058105349540710e-02
2.738205343484878540e-02
4.253454506397247314e-02
-3.795880079269409180e-02
3.239267319440841675e-02
2.595470473170280457e-02
2.122371084988117218e-02
1.123474817723035812e-02
-1.594249717891216278e-02
2.343295887112617493e-02
6.081158667802810669e-02
1.597565482370555401e-03
-5.635175853967666626e-03
1.733536645770072937e-02
2.064807154238224030e-02
-1.488809753209352493e-02
4.147843644022941589e-02
7.550498470664024353e-03
2.063930593430995941e-02
-1.749117672443389893e-02
1.913492754101753235e-02
-1.870119385421276093e-02
1.863958500325679779e-02
3.624583408236503601e-02
6.392626464366912842e-02
2.162114717066287994e-02
4.495406895875930786e-02
2.492591738700866699e-03
4.420716315507888794e-02
2.240719646215438843e-02
2.366705611348152161e-02
5.553818494081497192e-02
-1.898187212646007538e-02
1.236245501786470413e-02
-6.476237438619136810e-03
3.501721099019050598e-02
1.168445125222206116e-02
-7.043008506298065186e-02
7.221578061580657959e-02
1.465086080133914948e-02
-1.215818896889686584e-02
-7.757537066936492920e-03
3.855830291286110878e-03
3.446523332968354225e-03
1.362012792378664017e-02
4.746733605861663818e-02
3.220570087432861328e-02
6.114917993545532227e-02
6.633839569985866547e-03
1.546653080731630325e-02
-1.619328930974006653e-02
1.667258888483047485e-02
-1.249772123992443085e-02
-1.046173833310604095e-02
3.281204774975776672e-02
5.358988884836435318e-03
1.861853897571563721e-02
1.513879839330911636e-02
7.918711751699447632e-03
3.921048715710639954e-02
2.150608226656913757e-02
3.565353527665138245e-02
1.612392440438270569e-02
1.696441322565078735e-02
3.283490240573883057e-02
2.707447484135627747e-02
2.163228578865528107e-02
4.192621260881423950e-02
5.886331945657730103e-02
-8.443244732916355133e-03
7.753722835332155228e-03
9.287182911066338420e-05
2.572493255138397217e-02
1.468748785555362701e-02
5.663952231407165527e-02
-4.208057373762130737e-02
2.273563295602798462e-02
4.575042426586151123e-02
2.347541274502873421e-03
3.330842033028602600e-02
5.013108998537063599e-02
7.401363458484411240e-03
1.096416078507900238e-02
1.708607189357280731e-02
1.608474552631378174e-02
-5.359463393688201904e-03
9.844248415902256966e-04
3.787415474653244019e-02
1.899943873286247253e-02
7.526658941060304642e-03
1.151334494352340698e-02
2.321477606892585754e-02
1.252961228601634502e-03
2.723328396677970886e-02
1.886667124927043915e-02
2.020098268985748291e-02
2.574207633733749390e-02
-2.329190261662006378e-02
1.467114873230457306e-02
1.853236556053161621e-02
-1.740967109799385071e-02
-6.485067773610353470e-03
1.854775846004486084e-02
-5.515205487608909607e-02
-1.931395498104393482e-03
2.184561826288700104e-02
-9.051578119397163391e-03
-2.603353932499885559e-02
-2.669753320515155792e-02
-1.397114805877208710e-02
-1.023903721943497658e-03
7.252408657222986221e-03
-2.116928435862064362e-02
3.330155834555625916e-02
3.988975286483764648e-02
1.285853702574968338e-02
1.884998055174946785e-03
-8.926630020141601562e-03
3.405711427330970764e-02
-5.484580993652343750e-03
1.551118213683366776e-02
4.603640176355838776e-03
4.809949919581413269e-02
3.578571975231170654e-02
2.164381928741931915e-02
6.421899888664484024e-03
4.353103414177894592e-02
4.944762960076332092e-02
9.265120141208171844e-03
5.749498307704925537e-02
-1.756768859922885895e-02
2.504246495664119720e-02
-3.274062275886535645e-02
2.615321241319179535e-02
4.066678229719400406e-03
-1.165973953902721405e-02
5.305370315909385681e-02
5.516432598233222961e-02
4.168311879038810730e-02
1.125871017575263977e-02
1.752979122102260590e-02
7.448260672390460968e-03
3.839271888136863708e-02
2.053317241370677948e-02
2.514648810029029846e-02
-2.157043665647506714e-03
1.279682735912501812e-03
-2.358912117779254913e-02
2.928235195577144623e-02
3.998939692974090576e-02
7.068930193781852722e-03
-5.305626546032726765e-04
1.501329708844423294e-02
-3.963745664805173874e-03
-8.461900986731052399e-03
2.041406184434890747e-02
5.029992014169692993e-02
1.299671176820993423e-02
3.020345233380794525e-02
7.143892813473939896e-03
1.618814468383789062e-02
-1.942090690135955811e-02
-5.947116389870643616e-02
3.513445705175399780e-02
4.957233369350433350e-02
3.088209312409162521e-03
3.457138687372207642e-02
2.207706123590469360e-02
4.431235045194625854e-02
3.199034929275512695e-02
4.423788562417030334e-02
-4.324186593294143677e-02
2.239810116589069366e-02
2.765731187537312508e-03
-7.414577528834342957e-03
3.192809410393238068e-03
2.720024250447750092e-02
3.432388976216316223e-02
8.189952000975608826e-03
1.280732546001672745e-02
9.861457161605358124e-03
1.989872008562088013e-02
-1.312542706727981567e-02
3.137799352407455444e-02
2.777851000428199768e-02
4.697402194142341614e-02
2.630340866744518280e-02
1.244178786873817444e-02
5.551682785153388977e-03
-1.747475750744342804e-02
2.439502067863941193e-02
2.063715085387229919e-02
2.178670652210712433e-02
3.297252580523490906e-03
-2.370481938123703003e-02
-9.291724301874637604e-03
5.521180853247642517e-02
1.083985995501279831e-02
-1.256933435797691345e-02
1.752856560051441193e-02
3.548516705632209778e-02
1.660634297877550125e-03
1.091777905821800232e-02
2.252911217510700226e-02
2.365485765039920807e-02
-7.449354045093059540e-03
-8.120368001982569695e-04
-3.143205866217613220e-02
-1.609198562800884247e-02
2.171770669519901276e-02
