-1.249031047336757183e-03
-2.659559808671474457e-02
-2.007283270359039307e-01
-3.401921987533569336e-01
8.836370706558227539e-01
6.076620221138000488e-01
-2.969028195366263390e-03
1.113584280014038086e+00
-7.277277112007141113e-02
1.101923346519470215e+00
-3.478344762697815895e-03
-3.336150897666811943e-03
-1.888558108475990593e-05
-4.660301208496093750e-01
-1.678065047599375248e-03
-4.918130114674568176e-03
8.733698725700378418e-01
-5.807022098451852798e-03
6.781246066093444824e-01
-5.855864379554986954e-03
-2.911969833076000214e-02
-6.339507177472114563e-03
-5.193063020706176758e-01
6.070775389671325684e-01
2.398553639650344849e-01
7.506029009819030762e-01
8.837793469429016113e-01
-2.004254236817359924e-02
-1.107743519241921604e-04
-5.270919948816299438e-02
-3.576843068003654480e-02
-5.525272339582443237e-03
-2.791115455329418182e-02
-3.512662602588534355e-03
8.853361010551452637e-01
9.103651046752929688e-01
-4.103925079107284546e-03
-4.508544132113456726e-02
-2.804622752591967583e-03
7.781269550323486328e-01
-1.279676798731088638e-04
8.917888402938842773e-01
-5.197452846914529800e-03
8.612086772918701172e-01
1.098488688468933105e+00
-1.337913796305656433e-03
8.834888935089111328e-01
-2.487484598532319069e-03
8.843352198600769043e-01
-9.479391155764460564e-04
-3.231091191992163658e-03
8.315410017967224121e-01
2.381641417741775513e-01
-1.059692469425499439e-03
4.392120055854320526e-03
8.737615942955017090e-01
3.407258540391921997e-02
-4.081094521097838879e-04
-4.099961835891008377e-03
-9.057798422873020172e-03
-6.883139576530084014e-06
-6.963022169657051563e-04
2.430108934640884399e-01
8.810818791389465332e-01
8.805677890777587891e-01
-1.782916137017309666e-03
2.258318364620208740e-01
-2.241976791992783546e-03
-1.194467116147279739e-02
-1.808484012144617736e-05
-1.160332700237631798e-03
1.425204157829284668e+00
8.492090106010437012e-01
-5.033448711037635803e-02
6.745041012763977051e-01
8.642978072166442871e-01
-3.067758865654468536e-03
1.166505336761474609e+00
-9.922432946041226387e-04
-4.125994164496660233e-03
-4.944638609886169434e-01
1.677851229906082153e-01
-2.834991028066724539e-04
-1.048328704200685024e-04
8.835036754608154297e-01
5.133716040290892124e-04
-4.077934473752975464e-02
-2.845884300768375397e-03
-5.629437509924173355e-03
-1.939872046932578087e-03
8.518894314765930176e-01
-2.598271891474723816e-02
-4.255241248756647110e-03
-6.286361603997647762e-04
2.444031089544296265e-01
-5.790601018816232681e-03
1.126932501792907715e+00
-5.954352673143148422e-04
-5.579254031181335449e-01
8.695943355560302734e-01
-3.109518205747008324e-03
-1.555653172545135021e-03
8.837724924087524414e-01
-6.488414015620946884e-03
3.581478027626872063e-03
9.188992381095886230e-01
-1.501770457252860069e-03
-2.115260576829314232e-03
1.069216966629028320e+00
-3.692530561238527298e-03
1.085726976394653320e+00
8.693125564604997635e-04
2.430024892091751099e-01
1.331127132289111614e-04
-1.661973888985812664e-03
2.501544654369354248e-01
8.831013441085815430e-01
-1.397693008184432983e-01
-5.534909665584564209e-03
9.132137894630432129e-01
-9.541125595569610596e-02
-1.782936160452663898e-03
-2.900859108194708824e-03
1.068226456642150879e+00
-6.738278269767761230e-01
7.029078602790832520e-01
3.757353723049163818e-01
5.073761567473411560e-04
8.485289872623980045e-04
2.427729070186614990e-01
-3.534390032291412354e-02
-1.064210534095764160e-01
-6.461067125201225281e-03
-8.892979822121560574e-04
2.247377764433622360e-03
-2.843441255390644073e-02
-5.855385214090347290e-02
7.452484369277954102e-01
-7.447102069854736328e-01
-4.083661828190088272e-03
8.632059097290039062e-01
8.565164208412170410e-01
-1.196934099425561726e-04
-1.156137324869632721e-02
-2.737754723057150841e-03
-9.454894461669027805e-04
9.095299839973449707e-01
-2.540218876674771309e-03
-1.699243555776774883e-03
2.430747896432876587e-01
-1.175061799585819244e-03
9.096323251724243164e-01
-4.402912221848964691e-03
1.077346682548522949e+00
-7.580559700727462769e-02
2.400913387537002563e-01
-3.841888159513473511e-02
8.660876750946044922e-01
-1.113781705498695374e-02
-5.274438299238681793e-03
2.365739643573760986e-01
8.713992834091186523e-01
-9.087096899747848511e-02
-8.119816184043884277e-01
1.799970418214797974e-01
-3.233579918742179871e-02
-1.229092776775360107e-01
2.194860935211181641e+00
2.436980009078979492e-01
-3.322403645142912865e-03
-4.510930925607681274e-02
-5.268568396568298340e-01
8.675447106361389160e-01
-3.727069823071360588e-03
8.715810179710388184e-01
-6.718269549310207367e-03
6.757190227508544922e-01
7.329428791999816895e-01
1.650287304073572159e-03
-1.781844929382714326e-07
-2.193852066993713379e-01
-6.723505910485982895e-03
8.509434461593627930e-01
8.589100241661071777e-01
8.706909418106079102e-01
2.398549467325210571e-01
-2.540952526032924652e-03
2.449203729629516602e+00
-7.761615328490734100e-03
8.597263097763061523e-01
-1.256925333291292191e-02
1.217405893839895725e-03
-5.723584443330764771e-03
-8.538617403246462345e-04
2.434676736593246460e-01
2.150914222002029419e-01
5.593886971473693848e-01
-2.754765748977661133e-02
-4.173886030912399292e-02
-4.172384440898895264e-01
2.979542016983032227e-01
8.830073475837707520e-01
1.065961241722106934e+00
6.082057356834411621e-01
-9.669009596109390259e-03
8.346348768100142479e-04
-7.756832521408796310e-03
9.507808685302734375e-01
-3.214013576507568359e-02
9.094081521034240723e-01
-3.044360782951116562e-03
-5.835152268409729004e-01
3.913560416549444199e-03
-3.844319283962249756e-02
-8.600819706916809082e-01
-5.907085142098367214e-04
-7.999500376172363758e-04
7.249146699905395508e-02
8.835045695304870605e-01
-3.722932636737823486e-01
2.429917454719543457e-01
-1.015938702039420605e-03
-6.036471724510192871e-01
1.664101332426071167e-01
1.059186577796936035e+00
8.630538582801818848e-01
-7.845399668440222740e-04
2.432806491851806641e-01
-5.732498764991760254e-01
7.529791593551635742e-01
1.112268567085266113e+00
-4.671766459941864014e-01
8.689259290695190430e-01
6.067141294479370117e-01
-4.028414487838745117e-01
-5.220798775553703308e-03
-3.182568121701478958e-03
8.834766745567321777e-01
8.715122938156127930e-01
-2.755549037829041481e-03
-2.230625250376760960e-04
8.645886182785034180e-01
7.415819764137268066e-01
-6.986837983131408691e-01
-3.797658160328865051e-02
8.398449863307178020e-04
-1.346082054078578949e-02
-2.061833161860704422e-03
-1.683250442147254944e-02
-1.259474642574787140e-02
-4.556782077997922897e-03
8.845447897911071777e-01
-3.489986120257526636e-04
-7.976098060607910156e-01
-2.159316558390855789e-03
1.060743331909179688e+00
