-1.337060183286666870e-01
4.431078955531120300e-02
1.007771268486976624e-01
1.000567898154258728e-01
3.432378172874450684e-02
-1.888454891741275787e-02
-4.717987030744552612e-02
-4.354322701692581177e-02
-1.298732757568359375e-01
-5.383756756782531738e-02
9.347741305828094482e-02
1.146432608366012573e-01
-4.128614440560340881e-02
-4.507274553179740906e-02
-4.975236579775810242e-02
4.409854486584663391e-02
-3.336897864937782288e-02
6.356521695852279663e-02
-4.158832132816314697e-02
-1.927712410688400269e-01
-3.806286305189132690e-02
1.004201397299766541e-01
-4.523611068725585938e-02
-6.894849240779876709e-02
-4.912914708256721497e-02
2.842984162271022797e-03
9.508847445249557495e-02
4.857060313224792480e-02
-7.794649899005889893e-02
-2.089682817459106445e-01
1.000133901834487915e-01
-3.561584651470184326e-02
7.383415848016738892e-02
4.245583340525627136e-02
-2.105851843953132629e-02
-6.092036888003349304e-02
8.404713869094848633e-02
-1.579461432993412018e-02
-1.033162102103233337e-01
2.824330143630504608e-02
7.128424942493438721e-02
7.385672628879547119e-02
7.649385184049606323e-02
-3.615010529756546021e-02
8.958484977483749390e-02
6.597327440977096558e-02
-3.817445412278175354e-02
-1.420022845268249512e-01
8.079084753990173340e-02
7.200715690851211548e-02
-1.419032108969986439e-03
9.667979925870895386e-02
-1.081468984484672546e-01
7.635104656219482422e-02
1.208617389202117920e-01
9.819124639034271240e-02
4.817682132124900818e-02
4.112192615866661072e-02
7.885651290416717529e-02
-2.060542255640029907e-01
-1.351591497659683228e-01
-6.269747018814086914e-02
-2.702059037983417511e-02
-2.257660031318664551e-01
-2.339738979935646057e-02
1.227319017052650452e-01
3.405550867319107056e-02
-5.634055938571691513e-03
-1.080501377582550049e-01
-4.343235865235328674e-02
7.600821554660797119e-02
-1.802812367677688599e-01
-6.669340655207633972e-03
-2.559877559542655945e-02
8.707825839519500732e-02
-2.999433875083923340e-02
-5.914167314767837524e-02
-1.791918277740478516e-01
-3.839529305696487427e-02
4.267661273479461670e-02
-1.905945688486099243e-02
7.963265478610992432e-02
3.383370116353034973e-02
1.186831966042518616e-01
6.017283350229263306e-02
5.656360089778900146e-02
-2.525055781006813049e-02
8.488418161869049072e-02
-2.746886201202869415e-02
-4.105382785201072693e-02
-3.922512009739875793e-02
4.532513394951820374e-02
5.287344753742218018e-02
6.315291672945022583e-02
8.842136710882186890e-02
-5.975058767944574356e-03
-2.928476221859455109e-02
-5.202900990843772888e-02
-1.222634986042976379e-01
-4.595520719885826111e-02
1.135745495557785034e-01
5.197678878903388977e-02
4.785246402025222778e-02
6.318922340869903564e-02
8.025088161230087280e-02
7.861222326755523682e-02
-9.113683365285396576e-03
-4.398279637098312378e-02
4.291984811425209045e-02
-3.365306928753852844e-02
6.821171939373016357e-02
5.860545113682746887e-02
2.571730688214302063e-02
1.378809846937656403e-02
5.457618460059165955e-02
-2.053324878215789795e-01
6.589940935373306274e-02
-1.846155524253845215e-01
1.403323858976364136e-01
7.639380544424057007e-02
-4.095203429460525513e-02
2.434535883367061615e-02
-5.536180362105369568e-02
5.035135149955749512e-02
1.002896055579185486e-01
1.146506592631340027e-01
-5.257618427276611328e-02
9.559106081724166870e-02
4.777434095740318298e-02
1.225093156099319458e-01
7.551211118698120117e-02
6.199628114700317383e-02
-8.736415952444076538e-02
7.416606694459915161e-02
9.123957902193069458e-02
6.772155314683914185e-02
1.733759604394435883e-02
5.916661769151687622e-02
9.322652220726013184e-02
-3.466246277093887329e-02
6.367809325456619263e-02
3.719643875956535339e-02
3.900958225131034851e-02
-4.052279517054557800e-02
-3.931115567684173584e-02
9.226105362176895142e-02
-1.078562065958976746e-01
1.097763627767562866e-01
6.095471233129501343e-02
5.136754736304283142e-02
-1.109589710831642151e-01
6.429219990968704224e-02
-3.601233288645744324e-02
1.095679998397827148e-01
-1.087689176201820374e-01
-1.149999722838401794e-01
8.337824046611785889e-02
-2.349842153489589691e-02
6.484161317348480225e-02
-4.884979221969842911e-03
-3.031775355339050293e-02
-1.286181658506393433e-01
-5.941730365157127380e-02
-5.384611338376998901e-02
-2.776970528066158295e-02
1.024898886680603027e-01
-2.355164140462875366e-01
8.288402855396270752e-02
-3.422059863805770874e-02
7.212806493043899536e-02
-1.568127125501632690e-01
6.971008330583572388e-02
-4.396162182092666626e-02
1.067231893539428711e-01
-1.644278615713119507e-01
-3.996683657169342041e-02
9.275944530963897705e-02
-3.492455556988716125e-02
-4.400260373950004578e-02
-5.981712788343429565e-02
-3.135833516716957092e-02
-4.167738929390907288e-02
1.014621332287788391e-01
7.120741158723831177e-02
5.639570206403732300e-02
8.279515802860260010e-02
7.188094407320022583e-02
-1.395903900265693665e-02
-5.777149926871061325e-03
-1.542862206697463989e-01
8.257666230201721191e-02
-6.543655693531036377e-02
4.440699517726898193e-02
-4.081227630376815796e-02
6.611993908882141113e-02
-1.256235837936401367e-01
-2.761316113173961639e-02
-3.221917152404785156e-02
-1.327937990427017212e-01
-2.947292849421501160e-02
-2.213476039469242096e-02
9.652442485094070435e-02
-4.604176431894302368e-02
9.969226270914077759e-02
-8.562164753675460815e-02
4.967212677001953125e-02
7.348962128162384033e-02
-2.521569095551967621e-02
8.577553927898406982e-02
9.730450063943862915e-02
-2.507109194993972778e-02
5.815491452813148499e-02
-3.601632267236709595e-02
-1.667945832014083862e-01
6.356605887413024902e-02
-2.916125021874904633e-02
6.446892768144607544e-02
-1.777880080044269562e-02
-4.900508746504783630e-02
6.404940038919448853e-02
-3.558369353413581848e-02
-1.953733116388320923e-01
-4.213522374629974365e-02
4.648806154727935791e-02
5.931143462657928467e-02
-1.780225485563278198e-01
-1.174335852265357971e-01
-4.544243216514587402e-02
-1.347765922546386719e-01
-1.641220897436141968e-01
-3.618882596492767334e-02
6.926322728395462036e-02
7.237365841865539551e-02
5.286394804716110229e-02
-3.425525501370429993e-02
8.922579884529113770e-02
-3.218868076801300049e-01
3.395437076687812805e-02
-4.897592961788177490e-02
-3.320326283574104309e-02
6.291941553354263306e-02
7.048176974058151245e-02
-2.549919486045837402e-02
-2.272685430943965912e-02
-1.719939857721328735e-01
-3.042653575539588928e-02
-2.620645985007286072e-02
7.043348625302314758e-03
5.779936909675598145e-02
-2.011764049530029297e-01
6.638738512992858887e-02
-5.720340833067893982e-02
-2.604283206164836884e-02
-5.620380118489265442e-02
7.408787962049245834e-03
1.049731969833374023e-01
1.025966778397560120e-01
8.198255300521850586e-02
-1.655802479945123196e-03
-6.709309667348861694e-02
9.659986197948455811e-02
-2.359899580478668213e-01
-1.383173372596502304e-02
-1.900461614131927490e-01
-2.414989098906517029e-02
-5.304556712508201599e-02
7.650654762983322144e-02
3.034828230738639832e-02
-2.075949907302856445e-01
1.167368292808532715e-01
-5.702741071581840515e-02
1.686483919620513916e-01
2.990273199975490570e-02
-9.603088349103927612e-02
-2.379039488732814789e-02
-3.168472275137901306e-02
1.043500453233718872e-01
8.913463354110717773e-02
-1.119828149676322937e-01
8.591993153095245361e-02
-7.807071786373853683e-03
-2.170958667993545532e-01
-6.287217140197753906e-02
6.251558661460876465e-02
8.356634527444839478e-02
9.246329963207244873e-02
-2.444916777312755585e-02
-2.084893174469470978e-02
-2.650420367717742920e-01
-1.826772838830947876e-01
-6.633001565933227539e-02
-6.578943692147731781e-03
-1.165037602186203003e-01
-4.565873369574546814e-02
6.218230724334716797e-02
3.607220575213432312e-02
-2.187358587980270386e-02
-2.414391189813613892e-02
1.395490020513534546e-03
-2.674961090087890625e-02
-3.196195140480995178e-02
2.791505679488182068e-02
-4.600583761930465698e-02
6.903349608182907104e-02
4.902878310531377792e-03
1.109185516834259033e-01
-1.048739627003669739e-01
8.703698962926864624e-02
9.342867136001586914e-02
6.628832221031188965e-02
-1.770120561122894287e-01
-7.296767085790634155e-02
5.224392563104629517e-02
6.146075204014778137e-03
8.262566477060317993e-02
-1.758464127779006958e-01
1.007109135389328003e-01
-3.606643900275230408e-02
6.467331200838088989e-02
-5.587121937423944473e-03
-5.627683922648429871e-02
9.978316724300384521e-02
-3.004723601043224335e-02
-8.357107639312744141e-02
8.454862982034683228e-02
9.643054753541946411e-02
-1.541243195533752441e-01
8.511760830879211426e-02
-2.093729935586452484e-02
6.267490983009338379e-02
-5.529557238332927227e-04
1.397736370563507080e-01
-5.101848766207695007e-02
4.860340431332588196e-02
6.802637875080108643e-02
-2.910754270851612091e-02
1.097656339406967163e-01
6.779620796442031860e-02
4.079336673021316528e-02
8.285661786794662476e-02
-2.593922801315784454e-02
-3.436965346336364746e-01
-3.769942000508308411e-02
8.523510396480560303e-02
1.019076183438301086e-01
5.300932377576828003e-02
-1.369532495737075806e-01
1.094491705298423767e-01
3.254649415612220764e-02
-1.272629015147686005e-02
9.661795943975448608e-02
5.669766664505004883e-02
-5.072151497006416321e-02
-3.020531311631202698e-02
5.802823230624198914e-02
-2.059400640428066254e-02
-1.320795565843582153e-01
8.872838318347930908e-02
7.346536219120025635e-02
4.175346344709396362e-02
-3.936762921512126923e-03
-3.398877382278442383e-02
2.556124329566955566e-02
-3.548028320074081421e-02
9.165943413972854614e-02
-3.403440117835998535e-02
-2.541523054242134094e-02
7.539454102516174316e-02
-1.494826674461364746e-01
-2.585477232933044434e-01
3.978813067078590393e-02
-6.035818904638290405e-02
5.248420685529708862e-02
7.746161520481109619e-02
-1.679561138153076172e-01
-2.687842957675457001e-02
-1.739116758108139038e-01
-7.739106565713882446e-02
6.571731530129909515e-03
-1.674245893955230713e-01
1.086733788251876831e-01
-1.046485975384712219e-01
8.720260113477706909e-02
-3.065782785415649414e-02
3.321408480405807495e-02
-2.979168295860290527e-02
-1.312818229198455811e-01
8.789677917957305908e-02
-1.632342487573623657e-01
9.716691076755523682e-02
-4.313740506768226624e-02
8.820800483226776123e-02
7.869392633438110352e-03
-1.151211187243461609e-01
-3.148306533694267273e-02
-4.127478227019309998e-02
-1.455101966857910156e-01
3.320783004164695740e-02
7.586572319269180298e-02
-1.750204563140869141e-01
4.264075681567192078e-02
4.649083316326141357e-02
-1.151130441576242447e-02
5.920517444610595703e-02
-4.247187450528144836e-02
-3.706990927457809448e-02
-8.653849363327026367e-02
-3.938959166407585144e-02
1.380126774311065674e-01
-6.398275494575500488e-02
-4.631361737847328186e-02
-4.371953755617141724e-02
-4.462716728448867798e-02
9.703904390335083008e-02
7.779782265424728394e-02
-5.300341919064521790e-02
-1.686105877161026001e-01
-2.045895755290985107e-01
4.212401062250137329e-02
1.536935716867446899e-01
-1.500625908374786377e-01
-3.002245724201202393e-02
4.025359451770782471e-02
4.966630786657333374e-02
5.855805426836013794e-02
1.040613874793052673e-01
7.676198333501815796e-02
8.781259506940841675e-02
8.839721232652664185e-02
-1.103006899356842041e-01
1.107472330331802368e-01
-2.541204094886779785e-01
3.135231137275695801e-02
-3.880923241376876831e-02
-4.256808385252952576e-02
-1.224784553050994873e-01
-1.010144595056772232e-02
-1.557219624519348145e-01
3.651970997452735901e-02
8.122979849576950073e-02
8.226869255304336548e-02
5.808927863836288452e-02
-1.652845740318298340e-01
-3.223359212279319763e-02
8.879435807466506958e-02
-5.516253784298896790e-02
8.043748140335083008e-02
-3.160556405782699585e-02
-5.248249322175979614e-02
-1.933503150939941406e-01
-3.997409716248512268e-02
-9.997779875993728638e-02
3.857685718685388565e-03
6.059122830629348755e-02
-3.165341541171073914e-02
9.899455308914184570e-02
-1.444480963982641697e-03
-8.769595623016357422e-02
-1.944979280233383179e-01
7.334460318088531494e-02
8.188718557357788086e-02
6.755948811769485474e-02
9.118764102458953857e-02
-1.379949301481246948e-01
-1.032735109329223633e-01
6.886578351259231567e-02
-5.277689918875694275e-02
5.718559399247169495e-02
-1.720095984637737274e-02
-3.657469898462295532e-02
7.548733800649642944e-02
-1.910178512334823608e-01
3.008541464805603027e-02
1.325643360614776611e-01
7.752953469753265381e-02
-1.616137684322893620e-03
-2.019431143999099731e-01
1.224303245544433594e-01
4.732749983668327332e-02
-1.548804193735122681e-01
-4.782933741807937622e-02
5.831282213330268860e-02
6.560805439949035645e-02
4.077642038464546204e-02
-2.386065423488616943e-01
-3.967055678367614746e-02
4.031513258814811707e-02
-2.311781048774719238e-02
-4.001303762197494507e-02
-4.068759083747863770e-02
7.243384420871734619e-02
-2.454967796802520752e-02
-2.073808163404464722e-01
9.001853317022323608e-02
1.843507774174213409e-02
5.375844985246658325e-02
3.366561233997344971e-02
3.504416346549987793e-02
4.519901052117347717e-02
-9.520215913653373718e-03
6.315564364194869995e-02
8.786634355783462524e-02
8.383724093437194824e-02
6.018242333084344864e-03
9.310609102249145508e-02
7.951237261295318604e-02
4.956939816474914551e-02
-1.195868924260139465e-01
-1.631537675857543945e-01
-5.315922200679779053e-02
9.903302788734436035e-02
-9.018354862928390503e-02
