-2.138179540634155273e-02
1.548287123441696167e-01
-1.429951786994934082e-01
7.077034562826156616e-02
-5.165073275566101074e-02
-1.970439553260803223e-01
3.302976787090301514e-01
3.628442585468292236e-01
1.091056503355503082e-02
-2.923631109297275543e-02
5.257015824317932129e-01
-2.164562605321407318e-02
4.710919260978698730e-01
7.633245736360549927e-02
-2.734097242355346680e-01
-1.161026656627655029e-01
-6.926713977009057999e-03
-2.703958190977573395e-02
3.000793978571891785e-02
-2.802615053951740265e-02
6.927221547812223434e-04
1.195645891129970551e-02
-1.393939461559057236e-02
3.270129486918449402e-02
1.898574531078338623e-01
1.690886914730072021e-02
4.453571047633886337e-03
-2.299698144197463989e-01
-3.769942373037338257e-02
-4.374853968620300293e-01
-2.539277821779251099e-02
-1.900182813405990601e-01
-9.263848885893821716e-03
-1.179244667291641235e-01
-5.998585820198059082e-01
4.244077503681182861e-01
1.218851190060377121e-02
2.715557217597961426e-01
1.090862322598695755e-02
-1.229761075228452682e-02
2.024402347160503268e-04
-6.332844961434602737e-03
5.682993531227111816e-01
-1.378251425921916962e-02
3.486345708370208740e-01
-2.741060256958007812e-01
2.731895539909601212e-03
-2.986806929111480713e-01
1.126542910933494568e-01
4.977546632289886475e-03
3.472877442836761475e-01
1.392471492290496826e-01
9.288664907217025757e-02
-6.786599010229110718e-02
1.843720376491546631e-01
-5.932019278407096863e-02
1.407990157604217529e-01
9.882716089487075806e-02
2.367768883705139160e-01
-2.042188309133052826e-02
-2.975441701710224152e-02
-2.258401736617088318e-02
-2.216309495270252228e-02
1.362709403038024902e-01
3.858968317508697510e-01
-2.239672392606735229e-01
-3.459561169147491455e-01
1.491417270153760910e-02
-3.611052408814430237e-03
-8.845101296901702881e-02
-8.247872814536094666e-03
-8.073890954256057739e-02
-6.983419507741928101e-02
1.338535398244857788e-01
-4.823829233646392822e-01
-2.177846282720565796e-01
3.619457781314849854e-01
-4.163864254951477051e-01
9.251115843653678894e-04
1.166064515709877014e-01
-2.176805436611175537e-01
-3.338189125061035156e-01
-1.323389559984207153e-01
-2.306895256042480469e-01
4.025529325008392334e-02
1.419837325811386108e-01
-1.838161796331405640e-02
-1.611922122538089752e-02
2.196599394083023071e-01
-3.807157743722200394e-03
-8.109217882156372070e-02
-2.001715749502182007e-01
2.232975959777832031e-01
-6.122189387679100037e-02
7.467883080244064331e-02
-7.721801102161407471e-02
3.459050357341766357e-01
-9.886007010936737061e-02
-1.042603887617588043e-02
-4.165801405906677246e-01
1.779924263246357441e-03
-5.733271688222885132e-02
-5.058544501662254333e-02
-3.123973011970520020e-01
-2.904701791703701019e-02
1.027403678745031357e-02
-1.327762305736541748e-01
2.811578512191772461e-01
2.460530996322631836e-01
4.287690520286560059e-01
-9.452280402183532715e-02
1.348454207181930542e-01
1.227201074361801147e-01
2.762436633929610252e-03
-1.801382005214691162e-01
1.207623351365327835e-02
-1.874016714282333851e-03
1.274429075419902802e-02
-1.171545218676328659e-02
-5.383768677711486816e-02
3.015877902507781982e-01
2.113457620143890381e-01
-4.155915975570678711e-02
1.028562262654304504e-01
1.251228451728820801e-01
-2.447096398100256920e-03
-2.206592261791229248e-01
-1.146686542779207230e-02
-4.370303153991699219e-01
-6.084542837925255299e-04
2.785072922706604004e-01
1.388838747516274452e-03
1.270191818475723267e-01
3.644969081506133080e-03
6.067327260971069336e-01
1.287649124860763550e-01
3.495972603559494019e-02
-1.597444117069244385e-01
2.149548083543777466e-01
-2.505433857440948486e-01
4.269350692629814148e-02
4.941268265247344971e-01
7.783742249011993408e-02
3.290210664272308350e-01
3.340274691581726074e-01
2.101619169116020203e-02
-1.046941578388214111e-01
8.928491175174713135e-02
-8.231224492192268372e-03
-1.382442750036716461e-02
6.116489171981811523e-01
5.949865579605102539e-01
3.191425800323486328e-01
-1.396461129188537598e-01
-4.297920763492584229e-01
-9.891266934573650360e-03
3.570097982883453369e-01
1.707049272954463959e-02
1.249006763100624084e-01
3.938420712947845459e-01
6.388188153505325317e-02
1.831778734922409058e-01
-6.360405683517456055e-02
7.246671617031097412e-02
-3.989646434783935547e-01
3.230784833431243896e-01
1.432502921670675278e-02
-5.549681186676025391e-02
2.195049449801445007e-02
-1.634357310831546783e-02
5.355946719646453857e-02
1.895079016685485840e-01
4.732905030250549316e-01
-1.917950063943862915e-01
-1.030248999595642090e-01
9.031565859913825989e-03
1.658659577369689941e-01
4.618884623050689697e-02
-1.162211522459983826e-01
1.046003475785255432e-01
-3.857880458235740662e-02
1.476340144872665405e-01
-3.463580459356307983e-02
-1.027588034048676491e-03
1.743406057357788086e-01
1.803958415985107422e-02
-2.727393526583909988e-03
4.138076037634164095e-04
-1.305786967277526855e-01
-3.378338813781738281e-01
1.374666392803192139e-01
2.582962214946746826e-01
4.773639142513275146e-01
-4.234545528888702393e-01
4.014362394809722900e-01
1.141486410051584244e-02
-2.375854849815368652e-01
7.144199609756469727e-01
-6.034055352210998535e-02
4.050282761454582214e-03
1.222500577569007874e-01
3.992274999618530273e-01
2.187326177954673767e-02
1.426805406808853149e-01
4.978290572762489319e-02
-4.217887297272682190e-02
-2.858929894864559174e-02
4.906793534755706787e-01
-1.197254061698913574e-01
-1.180214881896972656e-01
-6.407951563596725464e-02
-2.197559475898742676e-01
1.691798493266105652e-02
2.140365391969680786e-01
-1.678652018308639526e-01
-2.059519588947296143e-01
-1.640776358544826508e-02
-1.683722436428070068e-01
3.266520099714398384e-03
1.583160758018493652e-01
-2.250495105981826782e-01
2.375158071517944336e-01
1.280143409967422485e-01
-1.422357745468616486e-02
1.600134273758158088e-04
3.706305623054504395e-01
3.200865685939788818e-01
-9.596293419599533081e-02
2.383150756359100342e-01
-3.091402947902679443e-01
-7.891685701906681061e-03
6.460411846637725830e-02
5.479533672332763672e-01
-1.262343302369117737e-02
-3.094174899160861969e-04
2.096422389149665833e-02
-2.288806438446044922e-01
4.974995274096727371e-03
-1.307774707674980164e-02
7.148526608943939209e-03
-1.307485848665237427e-01
-1.411107718013226986e-03
4.301176406443119049e-03
-1.190946344286203384e-02
1.580463349819183350e-02
-2.447569221258163452e-01
6.720939278602600098e-02
-2.465744465589523315e-01
-8.070187270641326904e-02
-1.828878745436668396e-02
1.776362024247646332e-02
-1.416965126991271973e-01
-2.685424387454986572e-01
1.546647548675537109e-01
8.100222051143646240e-02
1.032235566526651382e-02
8.681633626110851765e-04
2.976458370685577393e-01
1.495374739170074463e-01
-2.436478137969970703e-01
1.618066281080245972e-01
-1.996416784822940826e-02
-2.253566831350326538e-01
2.463523596525192261e-01
6.927431225776672363e-01
-4.714971780776977539e-02
-3.632861673831939697e-01
1.220380812883377075e-01
3.851564601063728333e-02
6.888712644577026367e-01
1.423356682062149048e-01
6.899843364953994751e-02
-1.456225989386439323e-03
5.265908837318420410e-01
6.409568339586257935e-02
4.736042618751525879e-01
8.829138241708278656e-03
-1.005073171108961105e-02
1.483184993267059326e-01
2.115154564380645752e-01
-7.766244560480117798e-02
2.429751604795455933e-01
-3.507670713588595390e-03
2.821311354637145996e-01
-4.519603680819272995e-03
4.150337725877761841e-02
8.503388613462448120e-02
2.601068317890167236e-01
-1.937471926212310791e-01
-1.249524578452110291e-01
-2.268302999436855316e-02
6.739280372858047485e-02
6.234965324401855469e-01
2.944025909528136253e-03
-3.144081234931945801e-01
1.939091533422470093e-01
5.847151279449462891e-01
-6.714553833007812500e-01
-2.966691553592681885e-01
3.602495491504669189e-01
2.403533309698104858e-01
7.955609471537172794e-04
1.785336583852767944e-01
2.706227004528045654e-01
3.408396840095520020e-01
7.492504119873046875e-01
-3.543205559253692627e-01
-1.995100378990173340e-01
-2.325227297842502594e-02
-9.305872768163681030e-02
4.523183684796094894e-03
-2.413685321807861328e-01
-2.180181592702865601e-01
4.519244432449340820e-01
4.385356977581977844e-02
-1.866453513503074646e-02
-8.897658437490463257e-03
1.099206565413624048e-04
-3.477821648120880127e-01
5.226592421531677246e-01
2.534590959548950195e-01
9.482145542278885841e-04
-1.410971488803625107e-02
2.479680115357041359e-03
-1.148009579628705978e-02
-2.370634488761425018e-02
-2.622307743877172470e-03
3.497365713119506836e-01
1.735425293445587158e-01
6.874584360048174858e-04
-1.957138301804661751e-03
3.220241889357566833e-02
1.079364940524101257e-01
-3.005256690084934235e-02
8.833175897598266602e-02
-7.285201456397771835e-03
1.635276377201080322e-01
8.210121095180511475e-02
-7.110080868005752563e-02
1.627490967512130737e-01
1.050682039931416512e-03
5.347969010472297668e-03
-2.814023988321423531e-03
-3.685648739337921143e-01
4.034336209297180176e-01
5.740918591618537903e-02
3.403652012348175049e-01
2.495781183242797852e-01
1.229207515716552734e-01
2.095060646533966064e-01
-9.608086198568344116e-02
-2.559292316436767578e-01
-1.512468010187149048e-01
1.724482923746109009e-01
-1.874409914016723633e-01
1.961259730160236359e-02
4.483360648155212402e-01
-1.942493170499801636e-01
2.191992849111557007e-01
-3.710428476333618164e-01
2.488416731357574463e-01
-3.452145308256149292e-02
-3.646262288093566895e-01
-2.190410532057285309e-02
-2.244543135166168213e-01
-2.836592495441436768e-01
1.810161471366882324e-01
7.437721639871597290e-02
-1.750538200139999390e-01
-2.201412804424762726e-02
-3.077456355094909668e-01
-3.811251744627952576e-02
-4.252243321388959885e-03
-2.746762037277221680e-01
6.017999723553657532e-02
-1.500410288572311401e-01
3.047274611890316010e-02
-7.454860210418701172e-02
2.971026599407196045e-01
-6.508145015686750412e-03
2.070045471191406250e-01
-4.332174360752105713e-02
2.434241324663162231e-01
4.573951661586761475e-01
-2.523284777998924255e-02
-1.137602478265762329e-01
4.600443840026855469e-01
4.409514367580413818e-02
1.554890573024749756e-01
-1.082724542357027531e-03
-2.031586766242980957e-01
1.040952280163764954e-01
6.101719737052917480e-01
9.904311969876289368e-03
3.321461677551269531e-01
-3.236425295472145081e-02
-2.804305113386362791e-04
5.867438316345214844e-01
-6.081909313797950745e-02
6.117435097694396973e-01
3.779441714286804199e-01
2.654445171356201172e-01
7.499496918171644211e-03
-1.078251898288726807e-01
5.532876253128051758e-01
3.345734626054763794e-02
3.882838487625122070e-01
2.352232635021209717e-01
3.036126308143138885e-02
1.687690317630767822e-01
-2.703223228454589844e-01
-1.760220229625701904e-01
-5.440042354166507721e-03
-2.758938074111938477e-01
-2.580704167485237122e-03
3.955148458480834961e-01
2.712709270417690277e-02
-1.489509828388690948e-02
2.843655943870544434e-01
-7.618169486522674561e-02
-3.716377615928649902e-01
-7.000170182436704636e-03
2.247556258225813508e-04
5.278012529015541077e-02
6.796893477439880371e-01
-4.023746587336063385e-03
4.091033339500427246e-02
5.525038242340087891e-01
-1.542379427701234818e-02
-1.363097224384546280e-02
2.618915736675262451e-01
3.468512296676635742e-01
6.717694401741027832e-01
-2.672736532986164093e-02
4.533262550830841064e-01
-1.501959115266799927e-01
4.136204719543457031e-01
3.435464575886726379e-02
4.465090930461883545e-01
-1.809310466051101685e-01
-3.534311428666114807e-03
-1.235092952847480774e-01
7.157471962273120880e-03
1.189474165439605713e-01
-4.850868508219718933e-02
2.748294770717620850e-01
5.098023414611816406e-01
-3.804340958595275879e-01
-4.971688985824584961e-01
-8.946242742240428925e-03
-5.513652563095092773e-01
-7.373674213886260986e-02
-1.423811167478561401e-01
2.033691257238388062e-01
5.792570114135742188e-01
2.197986841201782227e-01
-1.957577317953109741e-01
8.077976852655410767e-02
6.781818717718124390e-02
1.212426349520683289e-01
2.017509788274765015e-01
-3.736261725425720215e-01
1.244361475110054016e-01
6.289936900138854980e-01
3.506101071834564209e-01
-2.834898829460144043e-01
-1.621919684112071991e-02
1.485475450754165649e-01
-2.158137261867523193e-01
-4.378527868539094925e-03
-2.489257305860519409e-01
-3.027259111404418945e-01
-1.349921822547912598e-01
3.052309155464172363e-01
-2.730590058490633965e-03
9.549817442893981934e-02
-5.437644571065902710e-02
3.641079366207122803e-01
-1.606741398572921753e-01
3.620597720146179199e-01
-4.939979016780853271e-01
2.622326016426086426e-01
3.131245374679565430e-01
4.779057577252388000e-03
-1.210532430559396744e-02
-3.294510245323181152e-01
2.583191990852355957e-01
1.294214874505996704e-01
6.717288494110107422e-01
-8.916235528886318207e-03
2.342897802591323853e-01
-1.628489932045340538e-03
4.487538933753967285e-01
3.140358924865722656e-01
-4.281571507453918457e-02
-1.101207453757524490e-02
1.664111614227294922e-01
3.472216725349426270e-01
-3.377909064292907715e-01
-1.491518914699554443e-01
-2.113955318927764893e-01
-2.639028802514076233e-02
1.467985566705465317e-02
1.531832478940486908e-02
-4.730339348316192627e-02
2.916889786720275879e-01
1.018970459699630737e-01
5.164308100938796997e-02
1.967449635267257690e-01
-2.479872256517410278e-01
3.816175507381558418e-03
-3.726107068359851837e-03
