-1.759263326732827431e-04
1.855360009370552246e-02
-3.281783714236075154e-03
4.237187980354631955e-01
-4.941679638391563607e-03
6.052836815945088211e-03
-2.081625454322259209e-03
3.277828501151003326e-02
2.521135238367100666e-03
4.622499591042551481e-01
0.000000000000000000e+00
0.000000000000000000e+00
-9.001236352310886110e-04
3.606408357902896045e-02
-2.319117334152574206e-01
6.381595621124807050e-01
-3.778340176212687807e-01
-4.358878266529391671e-02
4.197291685608216380e-04
-2.368280918331368279e-02
-2.538536566361315749e-01
6.551849702220132743e-01
-3.744363691033504304e-01
2.785321163558514626e-02
-1.063705325815889925e-02
1.329187180370802832e-03
8.209627210150208590e-03
-1.996036281408606998e-03
-1.277182504342189726e-03
-1.712789036423197769e-02
7.630706593979574848e-04
-2.826576811300400799e-04
7.997324671648981323e-03
2.889526278207256178e-03
-7.416506237220507787e-03
6.620551106307394872e-03
-1.891719847760970892e-04
1.872886263066715976e-02
-3.283635555588098991e-03
4.244101368582290923e-01
-4.897017082101811497e-03
5.893940609367539357e-03
-2.126441600066313661e-03
3.310015714498922013e-02
2.539806039836482992e-03
4.626417362969139635e-01
0.000000000000000000e+00
0.000000000000000000e+00
-9.728693426528390578e-04
3.609207647424227811e-02
-2.320153740114068719e-01
6.386629291745876680e-01
-3.781020757404403021e-01
-4.375178062121736627e-02
4.281058989226671193e-04
-2.370828373605440159e-02
-2.540007207772979059e-01
6.557358585335174572e-01
-3.747278973315592010e-01
2.793109550883729475e-02
-1.102659874195014399e-02
1.221490504268487633e-03
8.352105358207101427e-03
-1.979843962781483238e-03
-8.280489482908248364e-04
-1.762502251315808260e-02
7.753385551201404840e-04
-2.698073961035029711e-04
8.185745930356239444e-03
2.948853909974638587e-03
-6.953338420430495853e-03
6.848542049571179624e-03
-2.028931013496146243e-04
1.890658754128798566e-02
-3.285485717811182770e-03
4.251140144242432362e-01
-4.850917349751408120e-03
5.725926086202775926e-03
-2.173932955763571099e-03
3.342095550310578145e-02
2.559129826351955010e-03
4.630342887435217047e-01
0.000000000000000000e+00
0.000000000000000000e+00
-1.048770162272939744e-03
3.611921810907636060e-02
-2.321182454605636714e-01
6.391674544419330140e-01
-3.783670791779372156e-01
-4.391888901243687360e-02
4.365716809652357699e-04
-2.373369640374129591e-02
-2.541467501133644058e-01
6.562882477923634994e-01
-3.750161478627511147e-01
2.801088087925098988e-02
-1.142604837498057031e-02
1.105574248780322741e-03
8.490744919515453085e-03
-1.964899499670008046e-03
-3.637945985781983671e-04
-1.814015894447664964e-02
7.850893246217337815e-04
-2.559250683879890111e-04
8.375322731681903582e-03
3.001532551777892806e-03
-6.470409012009382954e-03
7.084243218179107210e-03
-2.171187896271904337e-04
1.908669259811346386e-02
-3.287341752240758447e-03
4.258322950224855408e-01
-4.803543612845210739e-03
5.550714854384308956e-03
-2.223793793415070139e-03
3.372612494051760446e-02
2.579524426576489983e-03
4.634281995346711813e-01
0.000000000000000000e+00
0.000000000000000000e+00
-1.127899927166295261e-03
3.614548095153707202e-02
-2.322207361198390385e-01
6.396739522645323861e-01
-3.786293778134429133e-01
-4.409028717797359304e-02
4.450970704999395833e-04
-2.375908728160673611e-02
-2.542921759360752265e-01
6.568428714057484852e-01
-3.753013158447116027e-01
2.809265950338504098e-02
-1.183606803039814921e-02
9.807491934729654567e-04
8.623607014668096746e-03
-1.951788560141550204e-03
1.154693830707477319e-04
-1.867320737330090824e-02
7.904043918392681485e-04
-2.423834454812320220e-04
8.564682216843132537e-03
3.046245341048160141e-03
-5.966015953535294854e-03
7.325426858713299585e-03
-2.318623167481589486e-04
1.926900328088217498e-02
-3.289226703834195482e-03
4.265664743694155825e-01
-4.754649920440442296e-03
5.368641561523859046e-03
-2.274073199060791008e-03
3.401094595369451301e-02
2.598297761962745350e-03
4.638236755176105564e-01
0.000000000000000000e+00
0.000000000000000000e+00
-1.210344201615603469e-03
3.617075853329509288e-02
-2.323230779701760951e-01
6.401824939654278124e-01
-3.788888004237860874e-01
-4.426609415260746722e-02
4.536467111587815892e-04
-2.378451047716659272e-02
-2.544370955557017644e-01
6.573998153607442108e-01
-3.755832864808720806e-01
2.817651253925462090e-02
-1.225747549028931120e-02
8.471749757859675612e-04
8.748715389464114395e-03
-1.944752400747159094e-03
6.089306510001614783e-04
-1.922565380858213060e-02
7.916057848899956837e-04
-2.312262957054267638e-04
8.753438402767779736e-03
3.082410822096298426e-03
-5.441384717943228803e-03
7.570807027499403506e-03
-2.471304830694707371e-04
1.945346560262885618e-02
-3.291144428791315576e-03
4.273153253926344486e-01
-4.704125629332634589e-03
5.175653399327320887e-03
-2.325251038906492578e-03
3.429436240828248605e-02
2.619472512523437612e-03
4.642198903525355802e-01
0.000000000000000000e+00
0.000000000000000000e+00
-1.296211150061749506e-03
3.619496327869820007e-02
-2.324248982699239352e-01
6.406919668865912465e-01
-3.791446072978505999e-01
-4.444644899853039677e-02
4.621979291825178949e-04
-2.380991668270010866e-02
-2.545809585489884341e-01
6.579579648284340498e-01
-3.758614038167248927e-01
2.826241146418889683e-02
-1.269287332083463699e-02
7.076344659665069784e-04
8.866500284115723385e-03
-1.944022981424337959e-03
1.117137848212679382e-03
-1.979946093201274612e-02
7.903213831813947878e-04
-2.232504252088941691e-04
8.940181971003224176e-03
3.110847801849537641e-03
-4.896024474352762487e-03
7.821656338276250509e-03
-2.629358986515171895e-04
1.964020221886492515e-02
-3.293086154567109302e-03
4.280770658537370599e-01
-4.651929279325174062e-03
4.968347702844953806e-03
-2.377665831479944952e-03
3.459254429237513390e-02
2.643352270213798674e-03
4.646162721391982053e-01
0.000000000000000000e+00
0.000000000000000000e+00
-1.385618824598682441e-03
3.621803634624035789e-02
-2.325258907873697656e-01
6.412016580052816161e-01
-3.793963457654588867e-01
-4.463150858604795351e-02
4.707316405314776876e-04
-2.383527735972534520e-02
-2.547234177358516094e-01
6.585165514182064195e-01
-3.761351580507638070e-01
2.835034731969540700e-02
-1.314318381111145677e-02
5.627379818654885480e-04
8.977362065978098868e-03
-1.946265561948831409e-03
1.642685183571602646e-03
-2.039406889818142984e-02
7.866591868614130527e-04
-2.176766620618341558e-04
9.122790283794915064e-03
3.133446991374349167e-03
-4.327736162119438963e-03
8.077912387315987902e-03
-2.792840210446149215e-04
1.982939438961396281e-02
-3.295067074058946957e-03
4.288511066046108988e-01
-4.597817819025931847e-03
4.745909131751228395e-03
-2.430515103639409400e-03
3.490755478567524744e-02
2.667300834097669025e-03
4.650127016000512592e-01
0.000000000000000000e+00
0.000000000000000000e+00
-1.478678131378501157e-03
3.623990851203783697e-02
-2.326260236050426700e-01
6.417114225797093674e-01
-3.796438229245631679e-01
-4.482141533724830901e-02
4.792201517009739764e-04
-2.386061067474442438e-02
-2.548644420409795774e-01
6.590754051206884068e-01
-3.764042801963248253e-01
2.844035491396322210e-02
-1.360578874615133230e-02
4.100270365538167595e-04
9.081764053575816509e-03
-1.948623183013074552e-03
2.187412930766993117e-03
-2.100797760835698344e-02
7.780950736272040751e-04
-2.138566935330458866e-04
9.302008119382039475e-03
3.153196155567718900e-03
-3.735175228821500243e-03
8.336636997742502900e-03
-2.961705842342190597e-04
2.002122476440594545e-02
-3.297102817657069761e-03
4.296371028092155764e-01
-4.541686655659638201e-03
4.508411135057011944e-03
-2.483283933811654496e-03
3.523752789145916803e-02
2.692366744669723311e-03
4.654091546735283358e-01
0.000000000000000000e+00
0.000000000000000000e+00
-1.575479080791056426e-03
3.626050516738271723e-02
-2.327253297883394856e-01
6.422212445483856946e-01
-3.798868649173637868e-01
-4.501631651407256990e-02
4.876167059133715547e-04
-2.388592121537633922e-02
-2.550040325792671259e-01
6.596344825655647837e-01
-3.766685702699003047e-01
2.853243980746713454e-02
-1.407930501050369369e-02
2.467348601005197499e-04
9.181295923619468141e-03
-1.949284844992362669e-03
2.752640665361943701e-03
-2.163958583934623772e-02
7.637086848909704212e-04
-2.108778737733780270e-04
9.479555246157929729e-03
3.171665222589310860e-03
-3.119000553741346424e-03
8.596071717890545888e-03
-3.135889832000864574e-04
2.021586731735849560e-02
-3.299208154309652818e-03
4.304349722532294642e-01
-4.483470778371097427e-03
4.256136698715032654e-03
-2.536167407552089494e-03
3.558031329723776448e-02
2.719265938519193140e-03
4.658056256734911527e-01
0.000000000000000000e+00
0.000000000000000000e+00
-1.676113885901470580e-03
3.627973073773722856e-02
-2.328238283553393795e-01
6.427311250217083716e-01
-3.801253038423631492e-01
-4.521634474776067836e-02
4.958805829163098148e-04
-2.391121184844512484e-02
-2.551421832391576605e-01
6.601937629574385902e-01
-3.769278321999975923e-01
2.862660233710871346e-02
-1.456493772781477895e-02
7.070831549416692558e-05
9.279494968162514679e-03
-1.947825857753546826e-03
3.337358538005770481e-03
-2.228607216671169705e-02
7.440478776452527643e-04
-2.082561307169453310e-04
9.658037506683243498e-03
3.190038543839479601e-03
-2.479221943495861936e-03
8.855615636340867861e-03
-2.145172666210472950e-02
1.058271529072503520e-01
-3.603710284476672326e-02
-1.075295816163107099e-01
8.265042220720567046e-02
1.246433105921183719e-02
1.942853465468978233e-02
-1.255652391555482084e-01
-5.415046940900997141e-02
-1.260786154454883456e-01
8.010364953163412460e-02
-1.904346714931929793e-02
-2.146719802818535319e-02
1.058318401750662774e-01
-3.602840800836304425e-02
-1.075644467564141754e-01
8.275457126926025198e-02
1.243540975947410310e-02
1.942865686684467144e-02
-1.256024389347791259e-01
-5.419666661019666154e-02
-1.261590115969576098e-01
8.021068234965658683e-02
-1.903589641646711780e-02
-2.148352856123945595e-02
1.058354269583207247e-01
-3.601897706103369956e-02
-1.075985144815775202e-01
8.285875573583427467e-02
1.240490113123289377e-02
1.942887888054515080e-02
-1.256397541843918275e-01
-5.424398495820374061e-02
-1.262386417593844568e-01
8.031612486995655387e-02
-1.902799256988784923e-02
-2.150082451742832412e-02
1.058391013690614946e-01
-3.601041406982770365e-02
-1.076319560327653052e-01
8.296327954997873011e-02
1.237253501889682382e-02
1.942867753689077326e-02
-1.256769492162199964e-01
-5.429274022284499845e-02
-1.263178102643487122e-01
8.042070184035175762e-02
-1.901903209020219462e-02
-2.151793982067112809e-02
1.058419552921988083e-01
-3.600095165631779504e-02
-1.076641417387662752e-01
8.306823812322346179e-02
1.233872241050776308e-02
1.942815187192415902e-02
-1.257138532441980650e-01
-5.434333363402889944e-02
-1.263959964373664868e-01
8.052487999599046431e-02
-1.900931149476749182e-02
-2.153556423158650007e-02
1.058438332763447787e-01
-3.599044084540720806e-02
-1.076944222866742656e-01
8.317431476180112138e-02
1.230355968871903703e-02
1.942668088046273223e-02
-1.257500458608322158e-01
-5.439363622144797322e-02
-1.264726238023668181e-01
8.062853286740971626e-02
-1.899956313762563020e-02
-2.155328705038682749e-02
1.058449933065101906e-01
-3.597836943328816539e-02
-1.077235855680961502e-01
8.328027300940453459e-02
1.226640007169026853e-02
1.942434263004474970e-02
-1.257864358819848205e-01
-5.444301407690299577e-02
-1.265471895318590612e-01
8.073018590556760299e-02
-1.898871350663271229e-02
-2.157217674196428708e-02
1.058457921684687886e-01
-3.596466221649281814e-02
-1.077511340612073987e-01
8.338535722094113367e-02
1.222744787239261367e-02
1.942201105287590102e-02
-1.258225417733314921e-01
-5.449207392134718803e-02
-1.266208624984031250e-01
8.083027061539566072e-02
-1.897694577666676416e-02
-2.159155338844904667e-02
1.058460822727908951e-01
-3.594926281035730475e-02
-1.077777827441711717e-01
8.348980590317454931e-02
1.218647583662427723e-02
1.941953087089003105e-02
-1.258593261825343701e-01
-5.454065149784826511e-02
-1.266921124555669131e-01
8.092818755534030017e-02
-1.896380024302993933e-02
