6.039197754134847940e-04
8.047876906335458538e-04
4.345953637614835227e-04
4.551086889464450030e-02
3.691014393135360477e-02
4.406961070025188811e-03
2.683373274644673331e-02
4.123849998298768915e-02
9.237508923667196725e-02
5.102074004442542360e-02
1.271438611185527007e-10
1.271438611185527007e-10
3.206812279537769633e-04
9.487634581988275279e-03
4.504514087607928985e-02
3.597948402521975592e-02
2.555879602450382426e-02
1.062923619822696633e-02
2.775118578894526528e-04
9.817535820458510656e-03
4.873234599592459609e-02
4.399861822633516911e-02
2.314969577518289148e-02
1.026009894910605118e-02
1.565190820074230382e-01
1.157724044707620914e-01
8.638246469972159503e-01
1.596038406386515396e+00
1.036333695651837861e+00
2.314383358839212090e-01
1.620461334589790581e-01
1.220067276167437903e-01
8.601424547449975089e-01
1.607150680189224135e+00
8.370716876314417965e-01
2.323466567649401515e-01
6.244712543989033426e-04
8.235001539668146799e-04
4.403012388403991571e-04
4.576660839751935800e-02
3.737847567088507100e-02
4.550674778214447089e-03
2.725790910024438601e-02
4.200618044444034971e-02
9.290711208166711754e-02
5.097144967016647987e-02
1.271438611185527007e-10
1.271438611185527007e-10
3.233839360786654312e-04
9.526707254690139348e-03
4.508566568273927877e-02
3.592017963439675388e-02
2.554658405273084812e-02
1.068225435313766708e-02
2.801585821197919010e-04
9.855475873565512288e-03
4.876781670675370273e-02
4.393303263432989797e-02
2.314352532553877115e-02
1.029814349957550168e-02
1.567098198939801956e-01
1.163587717845829400e-01
8.647749600908901657e-01
1.597698719709820026e+00
1.037339342177708401e+00
2.323251613973846830e-01
1.622553645417886270e-01
1.225996799532404619e-01
8.611575952975449866e-01
1.608887064236575570e+00
8.380021097165836208e-01
2.330693768221998308e-01
6.462237719277135048e-04
8.433144854262576316e-04
4.465947597567318387e-04
4.603085982517182012e-02
3.786516215028248866e-02
4.702710992394617574e-03
2.768351401574345103e-02
4.274076288119813688e-02
9.345987365941683944e-02
5.092205259768674275e-02
1.271438611185527007e-10
1.271438611185527007e-10
3.262484431020707797e-04
9.567645763549114182e-03
4.512774307727222822e-02
3.586398765545770195e-02
2.553595332019793773e-02
1.073771977502970681e-02
2.829873520605725957e-04
9.895162209911561105e-03
4.880489364724890922e-02
4.387107037128260001e-02
2.313870970730326146e-02
1.033792922148837196e-02
1.569066020507700610e-01
1.169811799349145115e-01
8.657387446422394328e-01
1.599404826748456632e+00
1.038379980372395206e+00
2.332463553773988507e-01
1.624715751447192158e-01
1.232378159232481452e-01
8.621829319409646253e-01
1.610665470509583530e+00
8.389646818580682730e-01
2.338239784219785511e-01
6.692711241835336104e-04
8.642962962869840627e-04
4.535634977176152579e-04
4.630366246230731980e-02
3.837080701911809583e-02
4.864166139707863830e-03
2.811845515628389955e-02
4.344354206759049736e-02
9.403978450678207590e-02
5.087256382921317294e-02
1.271438611185527007e-10
1.271438611185527007e-10
3.292869393433393637e-04
9.610537146340487197e-03
4.517146191080494838e-02
3.581109376953210688e-02
2.552701482809531866e-02
1.079574842944043371e-02
2.860130958529157746e-04
9.936681017340015867e-03
4.884368411802193777e-02
4.381292891304686132e-02
2.313532817896735497e-02
1.037954291261973007e-02
1.571095979096770456e-01
1.176463615546727570e-01
8.667144413904306344e-01
1.601152399583813279e+00
1.039458046191785279e+00
2.342027834870328007e-01
1.626953197866675416e-01
1.239240966348954393e-01
8.632202752443959293e-01
1.612482470187046824e+00
8.399616973894664662e-01
2.346109622994208277e-01
6.937143871080604565e-04
8.865047986241852106e-04
4.613021509633524102e-04
4.658515698183610804e-02
3.889586409590885946e-02
5.036743588526699372e-03
2.857091210543012683e-02
4.412485281815235055e-02
9.464379561959510023e-02
5.082298781815355188e-02
1.271438611185527007e-10
1.271438611185527007e-10
3.325120799626758890e-04
9.655479952177593514e-03
4.521690479738569440e-02
3.576164291143626300e-02
2.551987128731192031e-02
1.085646702789009807e-02
2.892519687363561331e-04
9.980128003911500900e-03
4.888429217026611651e-02
4.375876720409205972e-02
2.313345447371254263e-02
1.042307674756424996e-02
1.573195743552147086e-01
1.183552988065886130e-01
8.677024456443273026e-01
1.602933378344377768e+00
1.040574479268285391e+00
2.351978606515169601e-01
1.629280390509785514e-01
1.246562292827463198e-01
8.642723905753322278e-01
1.614331889684424315e+00
8.409932348399365987e-01
2.354334419162380510e-01
7.196638021660488067e-04
9.099939350038520119e-04
4.699117876765920225e-04
4.687554826208405190e-02
3.944095974649924896e-02
5.222046729010569946e-03
2.904792614086182043e-02
4.479131767011278187e-02
9.525911420956545417e-02
5.077332952767390356e-02
1.271438611185527007e-10
1.271438611185527007e-10
3.359383890707150254e-04
9.702583263544069248e-03
4.526415432106958153e-02
3.571578328381386919e-02
2.551462713637928439e-02
1.092000462303339622e-02
2.927210569478749824e-04
1.002560637884106036e-02
4.892682193463793183e-02
4.370874376665991046e-02
2.313316618180783629e-02
1.046862587383906758e-02
1.575372619876665714e-01
1.191060048712070107e-01
8.687022712830126947e-01
1.604740189174741927e+00
1.041729571928094567e+00
2.362328389127694717e-01
1.631699350687532135e-01
1.254280432999311246e-01
8.653405022992904927e-01
1.616209107162071890e+00
8.420591307733368280e-01
2.362939548797979850e-01
7.472401445660512226e-04
9.348126569649580549e-04
4.794960487281379980e-04
4.717504600668001591e-02
4.000674597158800777e-02
5.421803881784865824e-03
2.955421817240476770e-02
4.544789983384219662e-02
9.586705107278616078e-02
5.072359212091721165e-02
1.271438611185527007e-10
1.271438611185527007e-10
3.395812463390086942e-04
9.751965184762324823e-03
4.531329424436213171e-02
3.567365167441575308e-02
2.551138463215345958e-02
1.098649026736725660e-02
2.964400932006110482e-04
1.007322668855849257e-02
4.897137627151017247e-02
4.366300404569650739e-02
2.313454218621940547e-02
1.051628677369374591e-02
1.577637744779900875e-01
1.198927426940289837e-01
8.697155160793070827e-01
1.606566126162238151e+00
1.042923364619317450e+00
2.373071820180085723e-01
1.634225067135184339e-01
1.262320658279369456e-01
8.664266240093853044e-01
1.618111787697955384e+00
8.431597309353234815e-01
2.371931330463182830e-01
7.765742091929108597e-04
9.610067522406330999e-04
4.901569811386434754e-04
4.748397217694570738e-02
4.059377955835354740e-02
5.637882618287880405e-03
3.009272169119606849e-02
4.610117341890616893e-02
9.646041669790877959e-02
5.067377483095347745e-02
1.271438611185527007e-10
1.271438611185527007e-10
3.434569776068254745e-04
9.803750666348125947e-03
4.536440644366751540e-02
3.563537139819381722e-02
2.551024640697594284e-02
1.105605355988954590e-02
3.004304174531627174e-04
1.012310544270230740e-02
4.901805661165609812e-02
4.362167776990598378e-02
2.313766204751558503e-02
1.056615810644560144e-02
1.579994087796056657e-01
1.207101873800606046e-01
8.707432415809753801e-01
1.608410427714460411e+00
1.044155240862696177e+00
2.384199751322866323e-01
1.636865335220497875e-01
1.270637430166714210e-01
8.675313906034815004e-01
1.620035627891407648e+00
8.442934296218526091e-01
2.381282302324859712e-01
8.078074517368184293e-04
9.886194494178103011e-04
5.019946847050384001e-04
4.780268263173077098e-02
4.120271135144482760e-02
5.871873680688716006e-03
3.066561006215931529e-02
4.675555567557714010e-02
9.703739063882302340e-02
5.062387937064510846e-02
1.271438611185527007e-10
1.271438611185527007e-10
3.475825966313267346e-04
9.858068040635934934e-03
4.541757567523980327e-02
3.560107735423906350e-02
2.551131887665730388e-02
1.112882809118498524e-02
3.047149976274356143e-04
1.017536218260323144e-02
4.906696657735981626e-02
4.358490232307296597e-02
2.314260981241733628e-02
1.061833600699471462e-02
1.582440987905782970e-01
1.215549350545360591e-01
8.717861444518281155e-01
1.610269713076964981e+00
1.045424063275357751e+00
2.395734889870808904e-01
1.639624373803186819e-01
1.279208010042874322e-01
8.686556140013429461e-01
1.621977433536336832e+00
8.454582708251487944e-01
2.390933313887399769e-01
8.410902216575391784e-04
1.017692498966458591e-03
5.151059086165797303e-04
4.813160339375333746e-02
4.183409842690567759e-02
6.125190409585428049e-03
3.127214654746002243e-02
4.741389220083581935e-02
9.759823857177946094e-02
5.057390911351299784e-02
1.271438611185527007e-10
1.271438611185527007e-10
3.519757042949681340e-04
9.915050120826468527e-03
4.547288608106495739e-02
3.557090939137999563e-02
2.551470613282240743e-02
1.120494100695570809e-02
3.093185739016058125e-04
1.023011735413835617e-02
4.911821144206300616e-02
4.355281741980326915e-02
2.314946963759337284e-02
1.067291108260303052e-02
1.584978048302466136e-01
1.224273820310679828e-01
8.728448899952812035e-01
1.612142683487463923e+00
1.046727969175272444e+00
2.407655263305779891e-01
1.642507366056637219e-01
1.288020476319475804e-01
8.697981864565711430e-01
1.623933297821862798e+00
8.466510043232285954e-01
2.400834711640243146e-01
5.368655311146806886e-02
1.113192467107805977e-01
1.230508253298663035e-01
1.104889544045109945e-01
1.384087427631133516e-01
8.895310910159585915e-02
5.375692255733735547e-02
1.151775645416673599e-01
1.265880266021392753e-01
1.086045180312319863e-01
1.414397653470166605e-01
8.098175331974978575e-02
5.371317226635111131e-02
1.113728017369380874e-01
1.231074078181454562e-01
1.105353092958469008e-01
1.384694736779258362e-01
8.899300667276073551e-02
5.378397713890778475e-02
1.152372734917565256e-01
1.266484396902262388e-01
1.086571780963036665e-01
1.415005351498554165e-01
8.102068213707862288e-02
5.373990981834261826e-02
1.114263079612388685e-01
1.231642727711892010e-01
1.105820141176544064e-01
1.385304589211993342e-01
8.903317530575269312e-02
5.381102509482024038e-02
1.152975568608359397e-01
1.267092363764974472e-01
1.087103032946599157e-01
1.415614679712844659e-01
8.105996126076055186e-02
5.376671724381691664e-02
1.114802370810552834e-01
1.232217301511550900e-01
1.106293452899198421e-01
1.385918023905414187e-01
8.907335534709946712e-02
5.383822119209165369e-02
1.153583749542657771e-01
1.267706946860689132e-01
1.087640465146542251e-01
1.416228105057978082e-01
8.109961565601567224e-02
5.379354197358716949e-02
1.115346310838863098e-01
1.232796463028514172e-01
1.106770782125689190e-01
1.386535453353730241e-01
8.911384707166093710e-02
5.386559796662134664e-02
1.154198844624400311e-01
1.268328652416843005e-01
1.088183686969258213e-01
1.416844574425388248e-01
8.113940756024126677e-02
5.382067416469554777e-02
1.115895734209845919e-01
1.233381518891557976e-01
1.107254671198249635e-01
1.387156575345238341e-01
8.915454417768753359e-02
5.389301985926753941e-02
1.154818975011196874e-01
1.268954236997736074e-01
1.088733869075145105e-01
1.417463254687718610e-01
8.117943087122417301e-02
5.384777830811576793e-02
1.116451509666679665e-01
1.233971783023108393e-01
1.107744922605184840e-01
1.387782010071805794e-01
8.919553601344534788e-02
5.392060034862527357e-02
1.155445376441965183e-01
1.269585689467699896e-01
1.089294992040916732e-01
1.418080020365674321e-01
8.121956416943791612e-02
5.387499881058893658e-02
1.117014533671278759e-01
1.234567686922106583e-01
1.108240283111773389e-01
1.388412916327445568e-01
8.923675241593984064e-02
5.394833414749256040e-02
1.156077723495252119e-01
1.270224667223533721e-01
1.089863990870433008e-01
1.418697386445922637e-01
8.125989332648542174e-02
5.390240812649087221e-02
1.117587827195992145e-01
1.235168282363735132e-01
1.108743116683889307e-01
1.389047556280724738e-01
8.927835762147545706e-02
5.397622761603563385e-02
1.156716061125266509e-01
1.270869418624192004e-01
1.090439083304764190e-01
1.419314623737744641e-01
8.130012273196345063e-02
