3.443788364529609680e-02
8.623139560222625732e-02
-3.400952368974685669e-02
2.601555176079273224e-02
-9.752423502504825592e-03
1.875573582947254181e-02
7.545785605907440186e-02
6.882575154304504395e-02
-2.762909047305583954e-02
8.456894755363464355e-02
1.845049858093261719e-02
2.559000439941883087e-02
-2.610320970416069031e-02
1.174965524114668369e-03
4.680947959423065186e-02
-1.456263288855552673e-02
3.654103726148605347e-02
1.358201354742050171e-02
-3.149962797760963440e-02
2.072916924953460693e-02
-6.440512370318174362e-03
1.734141074120998383e-02
-1.486104354262351990e-02
3.609155863523483276e-02
3.372369706630706787e-02
3.768611699342727661e-02
1.217329967767000198e-02
2.002892643213272095e-02
9.108305908739566803e-03
1.790464483201503754e-02
5.143363401293754578e-02
6.040071602910757065e-03
2.441846020519733429e-02
1.703771017491817474e-02
4.891747608780860901e-02
1.329725235700607300e-02
4.760265722870826721e-02
7.698357105255126953e-02
3.118877485394477844e-02
4.095453396439552307e-02
3.010647371411323547e-02
4.607270285487174988e-02
-2.773287333548069000e-02
4.018705710768699646e-02
3.968420624732971191e-02
-3.932152688503265381e-02
6.131545081734657288e-02
3.103516623377799988e-02
7.237045466899871826e-02
-7.968120276927947998e-03
4.811535775661468506e-02
3.102167882025241852e-02
9.252300858497619629e-02
4.930565878748893738e-02
4.535744339227676392e-02
3.035455010831356049e-02
6.072214618325233459e-02
3.393784165382385254e-02
8.766546845436096191e-03
9.641698747873306274e-02
8.907397091388702393e-02
3.603775799274444580e-02
3.131997212767601013e-02
1.172982156276702881e-02
3.753621876239776611e-02
6.615544110536575317e-02
7.967702299356460571e-02
-6.183166522532701492e-03
-1.965481787919998169e-02
4.057818278670310974e-02
7.861141860485076904e-02
3.988380730152130127e-02
-1.352466735988855362e-02
4.645744711160659790e-02
6.933292746543884277e-02
2.529456652700901031e-02
1.361529994755983353e-02
-7.431954611092805862e-03
2.208167500793933868e-02
6.343824788928031921e-03
2.908588573336601257e-02
4.545577242970466614e-02
4.587368294596672058e-02
2.621083706617355347e-02
-9.007105603814125061e-03
6.294149905443191528e-02
-3.844905644655227661e-02
-4.371685907244682312e-03
3.677536919713020325e-02
3.393440693616867065e-02
4.527278617024421692e-02
-4.149500280618667603e-03
3.672866150736808777e-02
3.942311741411685944e-03
3.835057467222213745e-02
1.821674406528472900e-02
5.699925497174263000e-02
5.028955638408660889e-02
4.618628695607185364e-02
2.095985971391201019e-02
7.689705491065979004e-02
1.942240446805953979e-02
-2.980054169893264771e-02
8.723729103803634644e-02
-3.460943466052412987e-03
1.646152697503566742e-02
4.909383878111839294e-02
9.801056981086730957e-02
5.495686829090118408e-02
7.101337611675262451e-02
6.327217072248458862e-02
6.927637755870819092e-02
3.486173599958419800e-02
1.838529016822576523e-03
-2.156278677284717560e-02
6.907583028078079224e-02
4.813792556524276733e-02
4.335614666342735291e-02
9.355534613132476807e-02
-4.243163019418716431e-02
1.953247562050819397e-02
3.980913013219833374e-02
3.779128193855285645e-02
3.630363941192626953e-02
3.313292190432548523e-02
-2.834587171673774719e-02
7.592014968395233154e-02
-4.409531597048044205e-03
4.883473366498947144e-02
1.349208317697048187e-02
1.815830543637275696e-02
7.278710603713989258e-02
1.473800186067819595e-02
1.472176518291234970e-02
-3.098717518150806427e-02
5.492816120386123657e-02
1.100106630474328995e-02
2.895255014300346375e-02
5.455559864640235901e-02
4.014279320836067200e-02
2.112361416220664978e-02
5.153150483965873718e-02
8.151336014270782471e-02
1.709512551315128803e-03
5.616221949458122253e-02
1.581129059195518494e-02
6.690366566181182861e-02
5.457881093025207520e-02
6.926750764250755310e-03
6.793267279863357544e-02
3.344864770770072937e-02
7.198089361190795898e-02
3.079167939722537994e-02
9.582764655351638794e-02
-2.977236174046993256e-02
6.089413538575172424e-02
7.969226688146591187e-02
5.780656356364488602e-03
4.743529949337244034e-03
4.289072379469871521e-02
-1.182134170085191727e-02
-1.481029856950044632e-02
8.837530016899108887e-02
3.966639935970306396e-02
-6.546526681631803513e-03
2.706955932080745697e-02
6.730313599109649658e-02
7.597608119249343872e-02
3.815851360559463501e-02
-1.075886562466621399e-02
-2.742752991616725922e-02
-1.297810208052396774e-02
1.621290110051631927e-02
2.746920287609100342e-02
-6.409598980098962784e-03
8.030034601688385010e-02
6.989239901304244995e-02
-5.632983520627021790e-04
8.038643747568130493e-02
3.765218425542116165e-03
4.230586066842079163e-02
-3.931100654881447554e-04
1.963388733565807343e-02
5.894771590828895569e-02
2.976296097040176392e-02
-1.962623372673988342e-02
2.858879230916500092e-02
5.313286930322647095e-02
2.723549120128154755e-02
-7.425054442137479782e-03
8.832783997058868408e-02
5.346792191267013550e-02
2.261856943368911743e-02
2.693079411983489990e-02
7.925328612327575684e-02
1.062671467661857605e-01
6.969229131937026978e-02
2.475255914032459259e-02
-1.331777311861515045e-02
1.180236786603927612e-02
4.386756196618080139e-02
5.310755595564842224e-02
7.344946265220642090e-02
5.378479883074760437e-02
1.148766428232192993e-01
-6.369295995682477951e-03
4.116395488381385803e-02
6.470084935426712036e-02
6.196421012282371521e-02
-1.097936648875474930e-02
6.378345191478729248e-02
-3.355835378170013428e-02
6.079358607530593872e-02
8.844527765177190304e-04
1.140052080154418945e-02
-1.966518722474575043e-02
5.101232673041522503e-04
4.828260280191898346e-03
4.847242496907711029e-03
5.512395501136779785e-02
7.291314005851745605e-02
6.824986636638641357e-02
9.006069041788578033e-03
1.280861720442771912e-02
3.824369981884956360e-02
7.567238062620162964e-02
-2.309528551995754242e-02
2.813309244811534882e-02
4.571875184774398804e-02
3.301894292235374451e-02
-5.593799985945224762e-03
1.310509350150823593e-02
-3.933070600032806396e-02
5.456291139125823975e-02
-1.100925076752901077e-02
5.370927229523658752e-02
4.346830397844314575e-02
7.608324289321899414e-02
8.253070712089538574e-02
3.659709170460700989e-02
1.682594604790210724e-02
7.295013871043920517e-03
-3.177219629287719727e-02
6.077799201011657715e-02
-3.696123370900750160e-03
-8.230995386838912964e-03
2.779062651097774506e-02
7.278968114405870438e-03
1.892562583088874817e-02
4.558270797133445740e-02
3.319193795323371887e-02
1.267496775835752487e-02
7.820314168930053711e-02
-3.301838785409927368e-02
7.887321710586547852e-02
9.808035567402839661e-03
