1.721717603504657745e-02
3.264263644814491272e-02
4.190905392169952393e-02
1.622698083519935608e-02
3.979960829019546509e-02
1.097029075026512146e-02
-9.784944355487823486e-03
4.952674359083175659e-02
3.759998083114624023e-02
2.503651194274425507e-02
-1.149536808952689171e-03
5.016740411520004272e-03
-5.183356115594506264e-04
6.909999996423721313e-02
-5.500096594914793968e-04
3.701310604810714722e-02
8.136208169162273407e-03
-2.536971005611121655e-04
3.492401540279388428e-02
1.187988836318254471e-02
3.933315351605415344e-02
2.594350278377532959e-02
-5.471397889778017998e-04
1.010524388402700424e-02
-8.467488922178745270e-03
4.090941324830055237e-02
1.365747395902872086e-02
2.237132517620921135e-03
-7.121740374714136124e-03
4.751277156174182892e-03
-5.339968483895063400e-04
6.897437851876020432e-03
1.918902806937694550e-02
2.204128168523311615e-02
-2.624546410515904427e-03
2.412811294198036194e-02
-3.138652537018060684e-03
-9.646507096476852894e-04
3.337455168366432190e-02
2.008610172197222710e-03
7.168747019022703171e-03
1.760224066674709320e-02
3.941084444522857666e-02
-1.406716927886009216e-02
-1.269471249543130398e-03
-2.336410572752356529e-03
-3.708697389811277390e-03
8.952943608164787292e-05
-3.493948606774210930e-04
1.859761029481887817e-02
2.907259203493595123e-02
3.749538213014602661e-02
-1.164300460368394852e-02
3.571783378720283508e-02
2.998851053416728973e-02
4.390493407845497131e-02
5.672429502010345459e-02
4.180242121219635010e-02
3.364563360810279846e-02
2.565474808216094971e-02
1.055972371250391006e-02
1.135632488876581192e-02
7.891954737715423107e-04
-3.559037868399173021e-04
2.500330284237861633e-02
2.421277761459350586e-02
2.379138313699513674e-04
-7.478208746761083603e-03
-1.007489860057830811e-02
-1.382180838845670223e-03
2.333830110728740692e-02
-1.436152029782533646e-03
-5.119068664498627186e-04
8.422263897955417633e-03
8.419641293585300446e-03
3.923547267913818359e-02
-6.882271263748407364e-03
2.971548354253172874e-03
-1.200387813150882721e-02
-1.634015329182147980e-02
2.825462818145751953e-02
-8.741606026887893677e-03
2.781272865831851959e-02
-9.475651895627379417e-04
2.335028164088726044e-02
4.411712661385536194e-02
-3.837445983663201332e-04
1.134285889565944672e-02
-3.218895196914672852e-02
-2.341727167367935181e-02
9.692738763988018036e-03
-7.511774310842156410e-04
1.979688182473182678e-03
-4.453154688235372305e-04
2.264188975095748901e-02
3.952874615788459778e-02
3.032099269330501556e-02
9.202879853546619415e-03
-1.479163207113742828e-02
-7.938781636767089367e-04
-9.866880252957344055e-03
2.239058725535869598e-02
-1.826879754662513733e-02
4.355940222740173340e-02
-7.155369967222213745e-04
-2.185017336159944534e-03
1.206866558641195297e-02
3.802334517240524292e-02
2.911681495606899261e-02
2.350102178752422333e-02
-4.927358590066432953e-03
-6.736409268341958523e-04
-1.327995327301323414e-03
-2.869026269763708115e-03
-4.486671823542565107e-04
1.560103241354227066e-02
8.628051728010177612e-03
-3.153085242956876755e-03
-5.626489291898906231e-04
1.002918742597103119e-02
3.084689565002918243e-02
8.504603989422321320e-03
-1.773305051028728485e-02
3.976896405220031738e-02
-5.965580698102712631e-03
-7.038242183625698090e-03
1.483855117112398148e-02
-4.765614285133779049e-04
5.215748772025108337e-02
3.134235367178916931e-02
5.919533222913742065e-02
-4.122984409332275391e-02
2.401096373796463013e-02
1.170276291668415070e-02
-1.640915870666503906e-02
3.107236325740814209e-02
-2.115457504987716675e-02
4.099211841821670532e-02
-1.843639463186264038e-02
4.056663811206817627e-02
-7.716931868344545364e-04
1.349810697138309479e-02
6.825198419392108917e-03
-1.608266902621835470e-04
6.486518681049346924e-02
-7.971526792971417308e-05
-2.171253785490989685e-03
5.472903698682785034e-02
5.847377702593803406e-02
-2.681083790957927704e-02
-3.946532960981130600e-04
6.536232103826478124e-05
-8.439690573140978813e-04
2.723535709083080292e-02
6.037782295607030392e-04
-1.833175495266914368e-02
-5.719051114283502102e-04
2.966437675058841705e-02
-4.085886757820844650e-03
-5.896456423215568066e-04
4.791770502924919128e-02
-6.742879748344421387e-03
-1.497571542859077454e-02
-6.412796210497617722e-04
1.742082647979259491e-03
2.002580650150775909e-02
1.292852777987718582e-02
9.085226804018020630e-03
3.067010454833507538e-02
1.769076660275459290e-02
5.217200145125389099e-02
-4.386965651065111160e-03
4.824468865990638733e-03
2.108642831444740295e-02
-6.081755273044109344e-03
8.402239531278610229e-03
1.366210170090198517e-02
2.096329070627689362e-02
-3.431214136071503162e-04
-7.579307537525892258e-03
-2.359143225476145744e-03
-1.599254831671714783e-02
6.699821446090936661e-03
2.610128186643123627e-02
6.848203390836715698e-02
3.413661941885948181e-02
-2.843734109774231911e-03
6.891570519655942917e-03
1.238497905433177948e-02
-7.180003449320793152e-04
4.114193841814994812e-02
-6.812374573200941086e-03
2.407930232584476471e-02
1.515519432723522186e-02
-9.653839282691478729e-03
-1.132375095039606094e-03
5.022613704204559326e-02
1.342325657606124878e-02
6.496981531381607056e-02
4.425248503684997559e-02
-5.257546436041593552e-04
3.649180009961128235e-02
-5.711370031349360943e-04
1.229426270583644509e-04
2.120175585150718689e-02
-3.662193776108324528e-04
-1.043719146400690079e-02
1.493596844375133514e-02
3.091153129935264587e-02
5.210092663764953613e-02
2.319332677870988846e-03
-1.251513953320682049e-03
1.744721643626689911e-02
3.175045922398567200e-02
-5.873098853044211864e-04
-9.576151496730744839e-04
-9.939674055203795433e-04
4.877856373786926270e-02
1.008404139429330826e-02
1.633111760020256042e-02
6.001584976911544800e-02
1.120492629706859589e-02
-7.188022136688232422e-03
5.505678709596395493e-03
4.114795848727226257e-02
1.916875131428241730e-02
-6.128669250756502151e-03
-5.053792148828506470e-03
5.299384146928787231e-02
-1.425273483619093895e-03
-1.661778427660465240e-03
7.199007086455821991e-03
-4.258042201399803162e-03
4.818939417600631714e-02
-1.870392588898539543e-05
3.895269706845283508e-03
3.996948152780532837e-02
-1.433621626347303391e-03
2.368089742958545685e-02
1.951883919537067413e-02
2.176327258348464966e-02
1.411087159067392349e-02
1.093656662851572037e-02
1.671887561678886414e-02
-1.255718339234590530e-02
4.348689690232276917e-03
-7.234259042888879776e-03
2.256372198462486267e-02
7.207598071545362473e-03
3.417979553341865540e-02
-5.785556277260184288e-04
1.284656929783523083e-03
4.392923414707183838e-02
2.256604284048080444e-02
1.311215106397867203e-02
3.237745910882949829e-02
