7.018189430236816406e-01
7.867155075073242188e-01
-2.261508941650390625e+00
-2.221873700618743896e-01
-2.542743206024169922e+00
4.728060066699981689e-01
-1.160349249839782715e+00
-5.665088891983032227e-01
-7.568388581275939941e-01
-1.007399559020996094e+00
-2.685597836971282959e-01
-2.606795310974121094e+00
-7.831025719642639160e-01
5.251383185386657715e-01
-4.878725707530975342e-01
1.283761709928512573e-01
8.970410227775573730e-01
-5.869481563568115234e-01
-1.237417697906494141e+00
-6.818128228187561035e-01
-1.177268147468566895e+00
1.072215288877487183e-01
-1.472107291221618652e+00
-5.164679512381553650e-02
-1.383424162864685059e+00
8.987874723970890045e-03
-1.731245756149291992e+00
8.363157510757446289e-02
-6.530774235725402832e-01
-1.510065317153930664e+00
8.228748440742492676e-01
-1.032832026481628418e+00
-3.207978725433349609e+00
-1.222095012664794922e+00
1.364488005638122559e-01
7.903253436088562012e-01
-1.954213231801986694e-01
-5.665193796157836914e-01
-1.174930691719055176e+00
6.329868733882904053e-02
-1.429648041725158691e+00
8.233674764633178711e-01
7.852118015289306641e-01
5.093544125556945801e-01
-2.280111551284790039e+00
-5.781766399741172791e-02
3.456156551837921143e-01
1.731354370713233948e-02
-1.165389180183410645e+00
-1.353912711143493652e+00
-1.766078233718872070e+00
-2.274062156677246094e+00
7.970333099365234375e-01
-7.886464595794677734e-01
-2.659572601318359375e+00
-1.737925171852111816e+00
-4.919126927852630615e-01
-2.886799275875091553e-01
-2.150929689407348633e+00
-1.354978799819946289e+00
-1.151030063629150391e+00
-1.228138327598571777e+00
-4.601768851280212402e-01
-2.984273910522460938e+00
-4.917351305484771729e-01
-1.757422685623168945e-01
9.485800862312316895e-01
-8.498297333717346191e-01
-5.087490677833557129e-01
-1.827321648597717285e-01
-8.365023136138916016e-01
8.938956856727600098e-01
-4.776228591799736023e-02
1.730355322360992432e-01
3.992667198181152344e-01
8.472514748573303223e-01
-1.039373636245727539e+00
-2.176852375268936157e-01
-2.397411108016967773e+00
6.231092810630798340e-01
8.224374055862426758e-01
-2.117999941110610962e-01
-1.873071193695068359e+00
-2.139925479888916016e+00
-9.291331768035888672e-01
-2.249851703643798828e+00
-4.452413320541381836e-01
8.310502767562866211e-01
-7.318572700023651123e-02
-3.886526584625244141e+00
-1.658181190490722656e+00
3.419752046465873718e-02
-3.299937769770622253e-02
-5.442863106727600098e-01
-2.092314958572387695e+00
7.780601382255554199e-01
4.319123923778533936e-02
1.909066587686538696e-01
7.727260589599609375e-01
-4.075235221534967422e-03
-2.751661539077758789e-01
-7.009220719337463379e-01
-1.308715343475341797e+00
-1.438383460044860840e+00
-8.949235081672668457e-01
1.038027286529541016e+00
-1.593606323003768921e-01
-1.640734672546386719e+00
-2.471773147583007812e+00
-3.162545680999755859e+00
8.106383681297302246e-02
2.096669524908065796e-01
-8.630049228668212891e-01
8.677762746810913086e-01
1.191981792449951172e+00
-9.545649290084838867e-01
1.858844459056854248e-01
-3.888775825500488281e+00
-9.342482089996337891e-01
-5.734069943428039551e-01
-2.059201151132583618e-01
-7.154511213302612305e-01
-7.642447352409362793e-01
-3.996129512786865234e+00
5.212427973747253418e-01
-1.890168547630310059e+00
4.401957988739013672e-01
-1.720994353294372559e+00
5.724930763244628906e-01
-5.218348503112792969e-01
3.794431388378143311e-01
2.731925807893276215e-03
7.289089560508728027e-01
-1.161168441176414490e-01
-2.109632015228271484e+00
-2.716800928115844727e+00
-1.833027839660644531e+00
-1.887551546096801758e+00
-2.546916246414184570e+00
-3.723971843719482422e+00
-3.240752220153808594e+00
9.144790768623352051e-01
2.779070138931274414e-01
-2.072869539260864258e+00
1.406284868717193604e-01
-1.905128598213195801e+00
7.083382606506347656e-01
7.249215245246887207e-01
5.811565518379211426e-01
4.605605304241180420e-01
-2.131747961044311523e+00
-1.922216713428497314e-01
1.799447983503341675e-01
8.418202400207519531e-01
-1.082503199577331543e+00
-1.862666964530944824e+00
-1.310188889503479004e+00
-1.150086641311645508e+00
-1.705744266510009766e+00
-8.717929124832153320e-01
-5.489367842674255371e-01
-2.388641834259033203e+00
-1.860194683074951172e+00
-1.556320071220397949e+00
-4.775457680225372314e-01
-2.851405143737792969e+00
8.095161914825439453e-01
-2.047379687428474426e-02
-1.545580863952636719e+00
-2.577189445495605469e+00
-2.164162136614322662e-02
-6.750689148902893066e-01
-3.331906795501708984e+00
-7.709313631057739258e-01
-1.472230434417724609e+00
-1.226613163948059082e+00
-1.191542744636535645e+00
7.823383808135986328e-02
-2.049314737319946289e+00
-1.380586624145507812e+00
-1.108661413192749023e+00
6.965128779411315918e-01
-1.497791528701782227e+00
9.163748621940612793e-01
-6.130090951919555664e-01
8.626786470413208008e-01
-1.912933588027954102e+00
-1.715603590011596680e+00
9.585587978363037109e-01
-1.766601324081420898e+00
7.116699218750000000e-01
8.296167850494384766e-01
-1.424717605113983154e-01
-8.782919645309448242e-01
-2.424387693405151367e+00
9.642496109008789062e-01
1.793242096900939941e-01
-1.246256828308105469e+00
1.759768724441528320e-01
-8.153523206710815430e-01
-6.295388936996459961e-01
8.478538990020751953e-01
-4.297247231006622314e-01
-1.233596324920654297e+00
-7.962256669998168945e-01
2.964991629123687744e-01
-2.432638645172119141e+00
8.820977807044982910e-01
-4.236406981945037842e-01
7.945050001144409180e-01
9.862040281295776367e-01
3.878724873065948486e-01
9.377051591873168945e-01
-1.484805643558502197e-01
-1.564567685127258301e+00
-1.489273309707641602e+00
7.697689533233642578e-01
8.039475679397583008e-01
-5.541670918464660645e-01
-1.517063379287719727e+00
-1.231022119522094727e+00
-4.189762473106384277e-01
4.551083445549011230e-01
-4.743365049362182617e-01
-5.738992691040039062e-01
-5.041159391403198242e-01
-1.447730183601379395e+00
-4.324618279933929443e-01
-2.459195137023925781e+00
5.032049417495727539e-01
-7.214300632476806641e-01
3.660290539264678955e-01
-1.122019648551940918e+00
-1.903945326805114746e+00
-3.121296644210815430e+00
-5.970138311386108398e-01
7.789838910102844238e-01
-2.001876354217529297e+00
-1.516813397407531738e+00
7.514091134071350098e-01
-2.799422264099121094e+00
-3.999057710170745850e-01
-2.679502248764038086e+00
-2.282992839813232422e+00
8.810141086578369141e-01
-2.568924903869628906e+00
-1.461686730384826660e+00
-6.406499743461608887e-01
7.007908225059509277e-01
-2.056288242340087891e+00
-1.084728837013244629e+00
-3.221065282821655273e+00
-5.199995636940002441e-01
-1.250413179397583008e+00
-2.558318614959716797e+00
-1.786443032324314117e-02
