-3.002706449478864670e-03
-3.001216100528836250e-03
-3.002726472914218903e-03
1.460617661476135254e+00
3.623859405517578125e+00
-3.002733225002884865e-03
-8.439861536026000977e-01
-3.002676414325833321e-03
-3.002627752721309662e-03
5.297183394432067871e-01
7.453954964876174927e-02
-3.002721350640058517e-03
-2.775832414627075195e+00
-3.002741606906056404e-03
-3.002729732543230057e-03
-3.002736950293183327e-03
7.234630733728408813e-02
-3.002507146447896957e-03
-4.712454676628112793e-01
1.577725887298583984e+00
-3.002277109771966934e-03
-3.002503421157598495e-03
-1.741227321326732635e-02
-3.002711106091737747e-03
3.278776407241821289e+00
-3.002550685778260231e-03
-2.997561590746045113e-03
6.599487662315368652e-01
5.337060451507568359e+00
1.496973514556884766e+00
1.330906271934509277e+00
6.068496033549308777e-02
-3.002538578584790230e-03
1.909737586975097656e-01
-3.002737648785114288e-03
-6.841638088226318359e-01
-3.002314362674951553e-03
1.818548917770385742e+00
-3.002462210133671761e-03
-3.365401029586791992e+00
-3.002080833539366722e-03
1.071486949920654297e+00
3.139043569564819336e+00
-3.002745797857642174e-03
-2.533831834793090820e+00
1.407906889915466309e+00
-1.286977887153625488e+00
-3.002696204930543900e-03
-7.614171504974365234e-02
-7.872885465621948242e-01
-3.001492237672209740e-03
-3.002667101100087166e-03
-1.345891714096069336e+00
-3.002682235091924667e-03
-3.426916152238845825e-02
-3.002693178132176399e-03
-3.002667101100087166e-03
1.500729560852050781e+00
-3.002729034051299095e-03
-3.002738114446401596e-03
2.429271340370178223e-01
1.343903779983520508e+00
-3.002724144607782364e-03
1.446086049079895020e+00
6.026544570922851562e+00
-3.002615645527839661e-03
-2.725785374641418457e-01
2.751911163330078125e+00
-3.000493394210934639e-03
-3.002742072567343712e-03
-3.002697601914405823e-03
4.039423763751983643e-01
-3.002726705744862556e-03
3.578166484832763672e+00
-3.002285491675138474e-03
-3.002729266881942749e-03
2.817765712738037109e+00
-3.002707147970795631e-03
-4.344912618398666382e-02
-3.002729034051299095e-03
-3.848722577095031738e-01
-3.380456447601318359e+00
-3.002742305397987366e-03
-3.002552548423409462e-03
-3.002332057803869247e-03
-3.002734621986746788e-03
4.101677417755126953e+00
-3.001516452059149742e-03
-3.002692712470889091e-03
-3.002681536599993706e-03
-3.002704354003071785e-03
-3.507656097412109375e+00
-3.002732759341597557e-03
4.417135417461395264e-01
1.724047780036926270e+00
-3.002573503181338310e-03
-9.599231481552124023e-01
-3.002723446115851402e-03
3.587081193923950195e+00
5.284697189927101135e-02
-3.002728102728724480e-03
2.204391956329345703e+00
1.954733371734619141e+00
2.245784759521484375e+00
-3.002675250172615051e-03
-3.002721350640058517e-03
-3.255446910858154297e+00
-3.002739511430263519e-03
1.603067278861999512e+00
-4.040880203247070312e+00
-3.002705983817577362e-03
-9.417584538459777832e-02
-3.002719022333621979e-03
2.121400356292724609e+00
3.031511902809143066e-01
1.466031670570373535e+00
-3.002707613632082939e-03
-3.948992967605590820e+00
3.962770700454711914e+00
-4.228475689888000488e-02
-3.002670826390385628e-03
-1.816649287939071655e-01
-2.981420839205384254e-03
-3.002744633704423904e-03
2.527648210525512695e+00
-3.002732060849666595e-03
1.802123546600341797e+00
1.321185708045959473e+00
1.624619722366333008e+00
-3.002719953656196594e-03
1.118495017290115356e-01
-3.002743003889918327e-03
-3.001986304298043251e-03
-3.002726472914218903e-03
-8.204790949821472168e-02
-3.002724144607782364e-03
-4.208076000213623047e+00
-3.810659945011138916e-01
-3.002516459673643112e-03
-3.002734621986746788e-03
-3.002739977091550827e-03
4.104066193103790283e-01
1.101828217506408691e+00
-3.002681303769350052e-03
-3.000293392688035965e-03
-3.002725075930356979e-03
-3.002725774422287941e-03
-3.002729034051299095e-03
1.366111874580383301e+00
3.237139463424682617e+00
-1.906348392367362976e-02
4.995544433593750000e+00
-2.975127892568707466e-03
-3.002606565132737160e-03
-3.001595148816704750e-03
-3.928297042846679688e+00
2.572219133377075195e+00
-3.001730190590023994e-03
2.001132726669311523e+00
-3.002716228365898132e-03
-3.002529498189687729e-03
-3.002300858497619629e-03
-3.002717159688472748e-03
-3.002545097842812538e-03
2.236927747726440430e-01
-2.439522743225097656e+00
-2.719364166259765625e+00
-2.987102838233113289e-03
1.774382777512073517e-02
-3.002710407599806786e-03
1.365134954452514648e+00
3.088275194168090820e+00
7.249802350997924805e-01
-3.002742538228631020e-03
-1.631473422050476074e+00
-3.002719953656196594e-03
-5.634233355522155762e-01
1.814345270395278931e-01
-1.228011608123779297e+00
-3.002731595188379288e-03
-3.002525074407458305e-03
-3.002638462930917740e-03
-3.002729732543230057e-03
4.979336738586425781e+00
-1.347088932991027832e+00
2.898538351058959961e+00
-3.002726938575506210e-03
-1.271179765462875366e-01
-3.002721583470702171e-03
-3.002125769853591919e-03
-3.002181882038712502e-03
-3.663172960281372070e+00
-3.002212615683674812e-03
-3.002719022333621979e-03
2.542128801345825195e+00
5.699475407600402832e-01
-3.002420300617814064e-03
4.817036628723144531e+00
-4.220125675201416016e+00
4.150456562638282776e-02
-3.002719953656196594e-03
-3.000647528097033501e-03
-3.969233483076095581e-03
-3.002584679052233696e-03
-3.929286897182464600e-01
-3.002506215125322342e-03
-3.002725308761000633e-03
-3.002661978825926781e-03
-9.214348345994949341e-02
4.466796219348907471e-01
-3.002732293680310249e-03
-3.002569312229752541e-03
-3.002728568390011787e-03
-3.647431731224060059e-01
1.962047219276428223e+00
-2.432300746440887451e-01
2.626917362213134766e+00
-2.825601339340209961e+00
-3.676870346069335938e+00
2.718406319618225098e-01
-3.002698766067624092e-03
-3.002650104463100433e-03
-2.748607158660888672e+00
-2.089869827032089233e-01
-3.482704401016235352e+00
2.319358110427856445e+00
3.092169016599655151e-02
-3.002739744260907173e-03
-3.002726240083575249e-03
-8.056747168302536011e-02
3.256925642490386963e-01
1.564300417900085449e+00
3.454061031341552734e+00
3.716087579727172852e+00
1.121387124061584473e+00
5.256028175354003906e+00
1.544911146163940430e+00
1.292577624320983887e+00
-1.053657010197639465e-01
-1.187020838260650635e-01
-7.980943471193313599e-02
-3.002739045768976212e-03
-3.002722747623920441e-03
-3.001528792083263397e-03
-3.002714831382036209e-03
-3.002724144607782364e-03
-4.152740478515625000e+00
-3.002668498083949089e-03
1.737631797790527344e+00
-3.002721117809414864e-03
-3.002732526510953903e-03
1.620805501937866211e+00
2.979033470153808594e+00
-3.002708777785301208e-03
1.322424411773681641e+00
-1.127375662326812744e-01
