3.564697802066802979e-01
3.939564228057861328e-01
-4.181545972824096680e-01
-4.981814920902252197e-01
3.074119985103607178e-01
-2.464609593152999878e-01
4.613067507743835449e-01
-3.984405398368835449e-01
4.332690834999084473e-01
-6.236904263496398926e-01
4.147231578826904297e-01
3.178260028362274170e-01
4.555991888046264648e-01
4.614780843257904053e-01
2.637937963008880615e-01
-5.057803392410278320e-01
3.971705138683319092e-01
-4.947346150875091553e-01
2.597801685333251953e-01
4.082728922367095947e-01
3.825858533382415771e-01
-4.388206899166107178e-01
5.026869773864746094e-01
4.785483181476593018e-01
3.599231541156768799e-01
-5.919259414076805115e-02
-4.321150779724121094e-01
3.897571861743927002e-01
-4.138886630535125732e-01
-4.719325602054595947e-01
-4.769240319728851318e-01
-6.175987794995307922e-02
3.722750842571258545e-01
-2.038358151912689209e-01
3.817266523838043213e-01
4.970408380031585693e-01
-3.214058279991149902e-01
2.500219047069549561e-01
4.346328377723693848e-01
-3.208011090755462646e-01
-4.286419451236724854e-01
-4.842443168163299561e-01
-5.545979738235473633e-01
3.691571950912475586e-01
4.460137486457824707e-01
-1.888707429170608521e-01
-2.038233727216720581e-01
-2.599652111530303955e-01
3.344960212707519531e-01
4.801833927631378174e-01
3.309224843978881836e-01
4.074413776397705078e-01
-3.605629503726959229e-01
-2.375964522361755371e-01
4.435804188251495361e-01
3.754853308200836182e-01
4.575560092926025391e-01
3.849661648273468018e-01
3.513664603233337402e-01
2.837141454219818115e-01
4.204893112182617188e-01
3.167521953582763672e-01
2.533395886421203613e-01
2.858614921569824219e-01
3.338061273097991943e-01
3.011751770973205566e-01
4.931627213954925537e-01
2.583774626255035400e-01
3.040875196456909180e-01
3.139941990375518799e-01
3.387832045555114746e-01
3.396753370761871338e-01
-3.929675519466400146e-01
-1.407803893089294434e-01
4.562302231788635254e-01
4.744590818881988525e-01
5.492551326751708984e-01
1.940027028322219849e-01
5.271126031875610352e-01
2.873937785625457764e-01
-5.097980499267578125e-01
4.745018184185028076e-01
-1.198666393756866455e-01
2.989104986190795898e-01
3.843478262424468994e-01
-2.021786123514175415e-01
-1.872645169496536255e-01
4.586728513240814209e-01
-4.163205325603485107e-01
3.618814349174499512e-01
4.200619459152221680e-01
-3.069855868816375732e-01
4.409206211566925049e-01
4.041891694068908691e-01
-2.196597158908843994e-01
4.228576421737670898e-01
2.201082557439804077e-01
4.342515170574188232e-01
-1.831803023815155029e-01
3.082762062549591064e-01
3.077605664730072021e-01
4.095468223094940186e-01
2.509573400020599365e-01
4.001920223236083984e-01
3.999597132205963135e-01
3.502117097377777100e-01
3.056057989597320557e-01
3.620587885379791260e-01
-3.633824288845062256e-01
4.214932918548583984e-01
-4.595681130886077881e-01
3.699857294559478760e-01
3.247345685958862305e-01
4.037239253520965576e-01
3.544330894947052002e-01
2.675100266933441162e-01
1.337352395057678223e-01
-5.390136241912841797e-01
2.634416520595550537e-01
2.075560092926025391e-01
1.682434529066085815e-01
2.690690755844116211e-01
2.990686595439910889e-01
-2.740615606307983398e-02
-3.958026468753814697e-01
3.294991552829742432e-01
-5.531998276710510254e-01
3.829973340034484863e-01
-3.143092691898345947e-01
7.281761616468429565e-02
-5.079590082168579102e-01
2.571769058704376221e-01
2.926271557807922363e-01
-2.234594225883483887e-01
3.204969167709350586e-01
3.810079395771026611e-01
-4.696080982685089111e-01
-5.112415552139282227e-01
4.405220746994018555e-01
5.047662258148193359e-01
4.510890841484069824e-01
-3.949079215526580811e-01
3.922899365425109863e-01
5.067077875137329102e-01
3.782939314842224121e-01
3.671279847621917725e-01
4.014566540718078613e-01
-5.137825608253479004e-01
5.173556804656982422e-01
3.058441877365112305e-01
4.268465340137481689e-01
4.195715487003326416e-01
5.039873123168945312e-01
-1.164880543947219849e-01
-3.650637567043304443e-01
4.207134246826171875e-01
4.396835863590240479e-01
4.070192575454711914e-01
-4.907696545124053955e-01
4.214082658290863037e-01
-4.994509518146514893e-01
4.159697890281677246e-01
3.484159708023071289e-01
3.445121049880981445e-01
-4.478333592414855957e-01
3.906652927398681641e-01
2.962771616876125336e-02
-3.620450794696807861e-01
3.541375994682312012e-01
-5.715626478195190430e-01
3.768050372600555420e-01
2.818664908409118652e-01
-2.273267060518264771e-01
-2.326342016458511353e-01
3.620134592056274414e-01
3.501367568969726562e-01
4.358994066715240479e-01
4.262950420379638672e-01
4.103070199489593506e-01
1.698717772960662842e-01
3.446621894836425781e-01
4.500609040260314941e-01
2.136732041835784912e-01
-3.564167022705078125e-01
-5.851015448570251465e-01
4.390221834182739258e-01
5.180620551109313965e-01
-2.893823683261871338e-01
1.561164259910583496e-01
4.281664192676544189e-01
-3.208444267511367798e-02
2.996474802494049072e-01
5.016942024230957031e-01
3.145424723625183105e-01
3.820925652980804443e-01
-5.198093056678771973e-01
2.954728603363037109e-01
4.730094671249389648e-01
3.648784160614013672e-01
3.902591168880462646e-01
3.865334093570709229e-01
3.303551673889160156e-01
1.509808003902435303e-01
-4.262963235378265381e-01
4.021916687488555908e-01
3.083442151546478271e-01
3.801568150520324707e-01
-2.073670178651809692e-01
2.143641263246536255e-01
-5.664705038070678711e-01
4.826870560646057129e-01
4.291660487651824951e-01
2.536752820014953613e-01
4.814766347408294678e-01
2.978589534759521484e-01
4.296601712703704834e-01
2.922034263610839844e-01
1.018155366182327271e-01
3.387056887149810791e-01
4.924200773239135742e-01
3.005336523056030273e-01
4.547736942768096924e-01
-4.607714116573333740e-01
-3.298021554946899414e-01
4.574885070323944092e-01
3.797448873519897461e-01
5.178076028823852539e-01
2.913832962512969971e-01
3.118423521518707275e-01
4.176586270332336426e-01
-1.010318771004676819e-01
-5.291978716850280762e-01
4.450789093971252441e-01
3.186434805393218994e-01
-3.234856128692626953e-01
2.576170265674591064e-01
4.361205995082855225e-01
-2.189553081989288330e-01
4.763967990875244141e-01
3.823694288730621338e-01
4.050137698650360107e-01
5.029613971710205078e-01
3.970510661602020264e-01
4.954647421836853027e-01
3.300715386867523193e-01
2.137216031551361084e-01
-5.426207184791564941e-01
-3.394297957420349121e-01
3.874041438102722168e-01
4.396609067916870117e-01
4.144819080829620361e-01
-1.193852052092552185e-01
-5.833733081817626953e-01
3.295272290706634521e-01
-2.467433810234069824e-01
3.468435406684875488e-01
