-4.449515789747238159e-02
2.929166704416275024e-02
-4.069523513317108154e-02
-1.205489188432693481e-01
2.863272791728377342e-03
-3.474808484315872192e-02
-5.062716454267501831e-02
-4.295815527439117432e-02
6.593822501599788666e-03
-4.516196623444557190e-02
-1.676491349935531616e-01
-1.209809351712465286e-02
-4.114757291972637177e-03
-8.627797663211822510e-02
1.122751180082559586e-02
-8.797422051429748535e-02
-8.096204698085784912e-02
-2.564018666744232178e-01
-2.623500302433967590e-02
-5.559986457228660583e-02
-9.803687036037445068e-02
-6.185558438301086426e-02
1.723240688443183899e-02
-8.204475045204162598e-02
-1.006840611808001995e-03
-1.168387457728385925e-01
-8.016684651374816895e-02
-1.838933676481246948e-02
3.742698952555656433e-02
-2.895682351663708687e-03
2.207133732736110687e-02
2.573000267148017883e-02
-6.119403988122940063e-02
-1.511863470077514648e-01
-7.736934721469879150e-02
-8.216769248247146606e-02
-6.416748464107513428e-02
-2.089237794280052185e-02
-1.076724082231521606e-01
6.819997727870941162e-02
-1.505268085747957230e-02
1.038429420441389084e-02
-5.180501937866210938e-02
2.560755470767617226e-03
1.347031909972429276e-02
-5.814966186881065369e-02
-2.652021124958992004e-02
-1.044890806078910828e-01
-4.550313577055931091e-02
-1.620956324040889740e-02
2.034082077443599701e-03
-6.568174064159393311e-02
3.479485213756561279e-02
2.133114077150821686e-02
-2.918575704097747803e-02
3.531936928629875183e-02
-1.013361886143684387e-01
-9.159122407436370850e-02
1.214244682341814041e-02
1.335259154438972473e-02
1.111408043652772903e-02
-1.604965515434741974e-02
-8.930389583110809326e-02
-9.153894335031509399e-02
-1.763829775154590607e-02
-3.859447687864303589e-02
-2.127434127032756805e-02
-4.842862859368324280e-02
3.452291339635848999e-02
-3.753253817558288574e-02
-2.277686260640621185e-02
-2.017261087894439697e-02
-9.239125996828079224e-02
6.691005825996398926e-02
-2.789533697068691254e-02
-5.605056881904602051e-03
8.009585738182067871e-02
5.235037580132484436e-02
-1.006414219737052917e-01
5.880520679056644440e-03
-3.452788293361663818e-02
1.875053346157073975e-02
-1.566856727004051208e-02
7.086846232414245605e-02
1.562916487455368042e-02
-9.643077105283737183e-02
-1.782487705349922180e-02
3.370198188349604607e-03
-1.445488911122083664e-02
-7.410794962197542191e-03
-6.595223397016525269e-02
1.067095175385475159e-01
5.493182316422462463e-02
-5.983108282089233398e-02
-1.353191733360290527e-01
2.252369746565818787e-02
-6.241472065448760986e-02
-1.045883074402809143e-01
-1.580226048827171326e-02
-4.841687902808189392e-02
4.856440797448158264e-02
1.935304887592792511e-02
-9.103989601135253906e-02
-8.276544511318206787e-02
3.708467260003089905e-02
-7.590049877762794495e-03
-1.203717663884162903e-01
3.483271598815917969e-02
-3.781467303633689880e-02
3.679523617029190063e-02
-7.087080925703048706e-02
-7.164023071527481079e-02
-4.025453701615333557e-03
2.097677672281861305e-03
-1.023151725530624390e-01
-2.818446606397628784e-02
-2.215321958065032959e-01
-3.294407622888684273e-03
-6.440232694149017334e-02
-6.122062727808952332e-02
-1.154244318604469299e-01
-2.136738598346710205e-02
1.685499586164951324e-02
1.009526699781417847e-01
-1.274653524160385132e-01
-6.578099727630615234e-02
-6.013194471597671509e-02
-4.895799979567527771e-02
-2.233155071735382080e-02
-2.717101946473121643e-02
-6.855494529008865356e-02
7.816953957080841064e-02
-5.619602650403976440e-02
-6.069731712341308594e-02
7.337212562561035156e-02
-3.169137239456176758e-02
3.494063392281532288e-03
-9.239412099123001099e-02
8.472718298435211182e-02
-8.471391350030899048e-02
1.178714036941528320e-01
2.094375528395175934e-02
-7.760994881391525269e-02
1.572982780635356903e-02
6.632534414529800415e-02
-5.517106503248214722e-02
2.549702860414981842e-02
-1.247454900294542313e-02
-8.877207338809967041e-02
-4.376660659909248352e-02
-6.769514083862304688e-02
9.226902388036251068e-03
-5.107893794775009155e-02
1.302548199892044067e-01
-7.844579964876174927e-02
9.449882432818412781e-03
-3.441629186272621155e-02
1.030026748776435852e-02
-8.555690757930278778e-03
1.152545330114662647e-03
1.060669124126434326e-02
6.182156037539243698e-03
-9.910936653614044189e-02
-7.876148074865341187e-02
5.212534591555595398e-02
-3.161241859197616577e-02
-7.154093682765960693e-02
-1.356659680604934692e-01
2.401191182434558868e-02
4.757211357355117798e-02
-1.607837527990341187e-02
-4.985927417874336243e-02
-6.365527957677841187e-02
-4.544671624898910522e-02
-7.541269809007644653e-02
-2.758800052106380463e-02
5.238240212202072144e-02
-9.250750392675399780e-02
8.839501440525054932e-02
-3.218296170234680176e-02
-1.074925437569618225e-02
-1.303454674780368805e-02
-9.439298510551452637e-02
-4.585871100425720215e-02
-9.302464127540588379e-02
4.870142787694931030e-02
-8.860649913549423218e-02
3.690083324909210205e-02
-7.605084031820297241e-02
-4.953315481543540955e-02
7.342771440744400024e-02
1.793657988309860229e-02
-3.667197888717055321e-03
-1.223699003458023071e-02
-2.872209623456001282e-02
3.197601065039634705e-02
2.813083864748477936e-02
-1.677899360656738281e-01
-2.121318131685256958e-02
7.062025368213653564e-02
-8.281262964010238647e-02
-7.836837321519851685e-02
-1.227536704391241074e-02
1.432466413825750351e-02
1.002235040068626404e-01
-5.763441789895296097e-03
-3.689637035131454468e-02
-6.111405789852142334e-02
-3.982456400990486145e-02
1.681960932910442352e-02
-5.512626841664314270e-02
4.719997197389602661e-02
-6.061234697699546814e-02
-1.322109550237655640e-01
4.883512109518051147e-02
-2.220726013183593750e-02
-5.064096301794052124e-02
-2.367004938423633575e-02
-4.550487548112869263e-02
6.861853878945112228e-03
-8.141788840293884277e-02
-6.221301108598709106e-02
-5.958007648587226868e-02
-2.285133488476276398e-02
1.822227798402309418e-02
-1.276384741067886353e-01
-2.924391254782676697e-02
-3.468561451882123947e-03
-5.977313593029975891e-02
-6.444572657346725464e-02
-9.414236247539520264e-02
-5.476081743836402893e-02
-5.554036051034927368e-02
-5.216735973954200745e-02
9.962902549887076020e-05
3.349974751472473145e-02
6.314384751021862030e-03
2.917521260678768158e-02
-1.147080436348915100e-01
1.514683291316032410e-02
-1.158620119094848633e-01
-5.929237604141235352e-02
-4.557389765977859497e-02
2.464172989130020142e-02
-6.240301579236984253e-02
-5.306898150593042374e-03
-1.587952114641666412e-02
-3.375572711229324341e-02
-1.026024576276540756e-02
-5.497091636061668396e-02
-2.732329443097114563e-02
1.983229070901870728e-02
-9.406568109989166260e-02
4.088258743286132812e-02
-7.492778450250625610e-02
-7.388043403625488281e-02
