-1.353000402450561523e-01
-5.256146192550659180e-01
9.731835871934890747e-02
4.067771434783935547e-01
3.289605975151062012e-01
-4.920829832553863525e-01
-5.025948882102966309e-01
-3.084895610809326172e-01
2.462119311094284058e-01
1.476857364177703857e-01
4.417535960674285889e-01
-5.674867630004882812e-01
1.337048560380935669e-01
2.046786546707153320e-01
3.952054083347320557e-01
-5.049376487731933594e-01
-2.256270498037338257e-01
-3.144624233245849609e-01
3.047569096088409424e-01
-1.832251697778701782e-01
-1.721212267875671387e-01
3.959680795669555664e-01
9.802541136741638184e-02
-2.190455347299575806e-01
-1.665028780698776245e-01
3.968102633953094482e-01
-2.917906045913696289e-01
-2.109396457672119141e-01
2.245944924652576447e-02
-2.715410590171813965e-01
-5.244233012199401855e-01
-1.205153614282608032e-01
2.789072394371032715e-01
3.540877103805541992e-01
-1.890447288751602173e-01
3.220273554325103760e-01
3.698588907718658447e-01
3.511354923248291016e-01
3.569991886615753174e-01
4.483540058135986328e-01
-1.375793516635894775e-01
-9.634920209646224976e-02
-2.454223334789276123e-01
-1.823353171348571777e-01
-4.900865554809570312e-01
-3.152176141738891602e-01
3.157504498958587646e-01
4.202010035514831543e-01
4.173561930656433105e-01
2.056831717491149902e-01
-1.547349542379379272e-01
-1.332159191370010376e-01
-1.926306039094924927e-01
1.937822550535202026e-01
4.054261744022369385e-01
6.412585824728012085e-02
2.506706118583679199e-01
2.424525022506713867e-01
-1.624582149088382721e-02
-3.188420236110687256e-01
4.071757793426513672e-01
4.035123288631439209e-01
-3.718500137329101562e-01
6.050740834325551987e-03
-2.189880460500717163e-01
3.530044555664062500e-01
-1.494386978447437286e-02
2.134582847356796265e-01
1.545912623405456543e-01
-2.926597297191619873e-01
2.910251021385192871e-01
2.685810029506683350e-01
-3.481917083263397217e-01
3.923731148242950439e-01
3.852754533290863037e-01
-5.272398591041564941e-01
1.137790605425834656e-01
2.848230600357055664e-01
-5.087248682975769043e-01
2.550919651985168457e-01
2.441714704036712646e-01
-3.205721974372863770e-01
-2.582095563411712646e-01
4.194670915603637695e-01
-3.115148246288299561e-01
1.781271994113922119e-01
-2.271476089954376221e-01
1.171173453330993652e-01
-4.061403274536132812e-01
2.505086064338684082e-01
3.552484884858131409e-02
-9.119760990142822266e-02
3.732588887214660645e-01
-4.576264023780822754e-01
-4.018106460571289062e-01
1.447689682245254517e-01
-3.945269882678985596e-01
-1.573736518621444702e-01
2.976255416870117188e-01
2.731478512287139893e-01
-3.851134777069091797e-01
3.376449346542358398e-01
2.367057837545871735e-02
1.705412268638610840e-01
-4.782416671514511108e-02
3.923841118812561035e-01
3.389896452426910400e-01
3.271752297878265381e-01
2.076680064201354980e-01
-2.742503583431243896e-01
1.925163269042968750e-01
3.345076143741607666e-01
-1.913319826126098633e-01
1.736710369586944580e-01
1.202475205063819885e-01
1.758012473583221436e-01
7.550437748432159424e-02
3.281235992908477783e-01
-1.916500180959701538e-01
-5.440086126327514648e-01
2.716220319271087646e-01
2.970399856567382812e-01
2.928588092327117920e-01
2.837046980857849121e-01
-3.792621567845344543e-02
2.993672788143157959e-01
-4.694701433181762695e-01
4.020783603191375732e-01
1.600051373243331909e-01
-1.345183793455362320e-02
4.066558480262756348e-01
4.257346391677856445e-01
-4.883495569229125977e-01
-3.152779638767242432e-01
3.492866158485412598e-01
-2.199677228927612305e-01
3.268691599369049072e-01
-2.997254431247711182e-01
-4.282178580760955811e-01
1.926227062940597534e-01
-4.515928328037261963e-01
2.755993902683258057e-01
-2.172710150480270386e-01
2.387247234582901001e-01
4.996002838015556335e-02
4.026805162429809570e-01
-4.000402987003326416e-01
3.976704776287078857e-01
3.219908773899078369e-01
3.772823810577392578e-01
3.172017931938171387e-01
-1.923345029354095459e-02
3.018049709498882294e-02
2.950177155435085297e-02
3.171520829200744629e-01
-1.820741742849349976e-01
-8.908593654632568359e-02
3.675297498703002930e-01
-5.588582158088684082e-01
3.133559823036193848e-01
-4.562789797782897949e-01
-3.173558115959167480e-01
3.617399632930755615e-01
1.401144638657569885e-02
-1.873362511396408081e-01
-3.298337161540985107e-01
3.580743074417114258e-02
3.326513469219207764e-01
3.202490210533142090e-01
-2.591894268989562988e-01
-5.473357439041137695e-01
4.046628475189208984e-01
3.377874791622161865e-01
-5.317317843437194824e-01
-6.380272507667541504e-01
-5.493749305605888367e-02
-1.085883751511573792e-01
1.065513864159584045e-01
2.163203656673431396e-01
-2.964166402816772461e-01
-5.843525528907775879e-01
3.347148373723030090e-02
-3.032358586788177490e-01
3.094169199466705322e-01
1.484615057706832886e-01
3.208248913288116455e-01
2.631543576717376709e-01
-6.223896741867065430e-01
-5.131630897521972656e-01
-2.201831340789794922e-01
3.521060645580291748e-01
3.647995889186859131e-01
2.998259663581848145e-01
2.978502511978149414e-01
3.071349859237670898e-01
-1.481816358864307404e-02
-2.376065701246261597e-01
2.823981828987598419e-02
-1.857983916997909546e-01
-3.009943366050720215e-01
1.841621249914169312e-01
-4.859663546085357666e-01
3.295562863349914551e-01
1.314696762710809708e-02
-5.093936920166015625e-01
8.308460563421249390e-02
-4.016878008842468262e-01
-3.337219655513763428e-01
2.664151787757873535e-01
4.341346919536590576e-01
-3.076756596565246582e-01
3.832117319107055664e-01
3.027577102184295654e-01
-4.921519756317138672e-02
3.913787603378295898e-01
-2.102422416210174561e-01
1.869390159845352173e-01
4.825836047530174255e-02
1.182550787925720215e-01
2.193540632724761963e-01
3.441873192787170410e-01
-4.658639430999755859e-01
4.403161108493804932e-01
2.621656842529773712e-02
-3.255215287208557129e-01
1.859163045883178711e-01
-3.397304713726043701e-01
4.047999680042266846e-01
1.120605766773223877e-01
3.835267424583435059e-01
-2.171072065830230713e-01
-2.331129014492034912e-01
4.219686388969421387e-01
-5.316348671913146973e-01
3.212438225746154785e-01
-2.938769757747650146e-01
-4.492301940917968750e-01
-2.170967012643814087e-01
-5.557664632797241211e-01
-2.366943210363388062e-01
4.347552955150604248e-01
-2.937391996383666992e-01
3.537400960922241211e-01
2.747667133808135986e-01
3.677793443202972412e-01
-3.981038928031921387e-01
-4.087628722190856934e-01
-3.237266242504119873e-01
-7.535679936408996582e-01
3.605102598667144775e-01
1.991120874881744385e-01
-3.859347403049468994e-01
2.951874434947967529e-01
-1.414007395505905151e-01
3.042251169681549072e-01
-6.525419186800718307e-03
